{
    "name": "Arkonisa 8P System",
    "description": "4 vs 4 or 8 players FFA system. Be ready for big fight on beautiful planet.",
    "creator": "GreatBalancer",
    "version": "1.0",
    "planets": [
        {
            "name": "Arkonisa",
            "mass": 10000,
            "position_x": 31600,
            "position_y": -2800,
            "velocity_x": 11.080639839172363,
            "velocity_y": 125.0530014038086,
            "required_thrust_to_move": 0,
            "starting_planet": true,
            "respawn": false,
            "start_destroyed": false,
            "min_spawn_delay": 0,
            "max_spawn_delay": 0,
            "planet": {
                "seed": 240022624,
                "radius": 700,
                "heightRange": 0,
                "waterHeight": 0,
                "waterDepth": 0,
                "temperature": 40,
                "metalDensity": 0,
                "metalClusters": 172,
                "metalSpotLimit": -1,
                "biomeScale": 75.00000006869588,
                "biome": "arid_world",
                "symmetryType": "terrain and CSG",
                "symmetricalMetal": true,
                "symmetricalStarts": false,
                "numArmies": 2,
                "landingZonesPerArmy": 0,
                "landingZoneSize": 0,
                "heightAdjustments": []
            },
            "planetCSG": [
                {
                    "spec": "/pa/terrain/ice/brushes/ice_cliff_01.json",
                    "proj": "BP_Bend",
                    "op": "BO_Add",
                    "position": [
                        139.10838317871094,
                        69.1268081665039,
                        681.8264770507812
                    ],
                    "height": 699.2974853515625,
                    "transform": [
                        0.2716430723667145,
                        -0.9416148662567139,
                        0.19892588257789612,
                        139.10836791992188,
                        0.9503551721572876,
                        0.2950479984283447,
                        0.098851777613163,
                        69.12680053710938,
                        -0.15177297592163086,
                        0.16219784319400787,
                        0.9750162959098816,
                        681.826416015625
                    ],
                    "scale": [
                        1,
                        1,
                        1
                    ],
                    "rotation": 1.2797759771347046,
                    "weight": [
                        1,
                        1,
                        1,
                        1
                    ],
                    "weightHard": false,
                    "weightScale": [
                        4,
                        4,
                        4
                    ],
                    "mirrored": false,
                    "twinId": 0,
                    "flooded": false,
                    "pathable": false,
                    "mergeable": false,
                    "no_features": false
                },
                {
                    "spec": "/pa/terrain/ice/brushes/ice_cliff_01.json",
                    "proj": "BP_Bend",
                    "op": "BO_Add",
                    "position": [
                        139.10838317871094,
                        69.1268081665039,
                        681.8264770507812
                    ],
                    "height": 699.2974853515625,
                    "transform": [
                        0.2716430723667145,
                        -0.9416148662567139,
                        0.19892588257789612,
                        139.10836791992188,
                        0.9503551721572876,
                        0.2950479984283447,
                        0.098851777613163,
                        69.12680053710938,
                        0.15177297592163086,
                        -0.16219784319400787,
                        -0.9750162959098816,
                        -681.826416015625
                    ],
                    "scale": [
                        1,
                        1,
                        1
                    ],
                    "rotation": 1.2797759771347046,
                    "weight": [
                        1,
                        1,
                        1,
                        1
                    ],
                    "weightHard": false,
                    "weightScale": [
                        4,
                        4,
                        4
                    ],
                    "mirrored": true,
                    "twinId": 0,
                    "flooded": false,
                    "pathable": false,
                    "mergeable": false,
                    "no_features": false
                },
                {
                    "spec": "/pa/terrain/ice/brushes/ice_metal_t3_small_2_ramp.json",
                    "proj": "BP_Bend",
                    "op": "BO_Add",
                    "position": [
                        218.10433959960938,
                        -174.58245849609375,
                        641.7965087890625
                    ],
                    "height": 699.9652099609375,
                    "transform": [
                        0.8064248561859131,
                        -0.5025818943977356,
                        0.31159308552742004,
                        218.1043243408203,
                        0.5797795653343201,
                        0.7756593227386475,
                        -0.24941590428352356,
                        -174.58245849609375,
                        -0.11633816361427307,
                        0.3817904591560364,
                        0.916897714138031,
                        641.7965087890625
                    ],
                    "scale": [
                        1,
                        1,
                        1
                    ],
                    "rotation": 0.599999725818634,
                    "weight": [
                        0,
                        0,
                        0,
                        0
                    ],
                    "weightHard": false,
                    "weightScale": [
                        1,
                        1,
                        1
                    ],
                    "mirrored": false,
                    "twinId": 0,
                    "flooded": false,
                    "pathable": true,
                    "mergeable": false,
                    "no_features": true
                },
                {
                    "spec": "/pa/terrain/ice/brushes/ice_metal_t3_small_2_ramp.json",
                    "proj": "BP_Bend",
                    "op": "BO_Add",
                    "position": [
                        218.10433959960938,
                        -174.58245849609375,
                        641.7965087890625
                    ],
                    "height": 699.9652099609375,
                    "transform": [
                        0.8064248561859131,
                        -0.5025818943977356,
                        0.31159308552742004,
                        218.1043243408203,
                        0.5797795653343201,
                        0.7756593227386475,
                        -0.24941590428352356,
                        -174.58245849609375,
                        0.11633816361427307,
                        -0.3817904591560364,
                        -0.916897714138031,
                        -641.7965087890625
                    ],
                    "scale": [
                        1,
                        1,
                        1
                    ],
                    "rotation": 0.599999725818634,
                    "weight": [
                        0,
                        0,
                        0,
                        0
                    ],
                    "weightHard": false,
                    "weightScale": [
                        1,
                        1,
                        1
                    ],
                    "mirrored": true,
                    "twinId": 0,
                    "flooded": false,
                    "pathable": true,
                    "mergeable": false,
                    "no_features": true
                },
                {
                    "spec": "/pa/terrain/ice/brushes/ice_metal_t3_small_2_ramp.json",
                    "proj": "BP_Bend",
                    "op": "BO_Add",
                    "position": [
                        -160.36941528320312,
                        -227.680908203125,
                        641.8348999023438
                    ],
                    "height": 699.649169921875,
                    "transform": [
                        0.6423958539962769,
                        0.7312923669815063,
                        -0.22921402752399445,
                        -160.36940002441406,
                        -0.7586385607719421,
                        0.5644186735153198,
                        -0.3254214823246002,
                        -227.6808624267578,
                        -0.10860557854175568,
                        0.38293999433517456,
                        0.9173667430877686,
                        641.8348999023438
                    ],
                    "scale": [
                        1,
                        1,
                        1
                    ],
                    "rotation": -0.8899994492530823,
                    "weight": [
                        0,
                        0,
                        0,
                        0
                    ],
                    "weightHard": false,
                    "weightScale": [
                        1,
                        1,
                        1
                    ],
                    "mirrored": false,
                    "twinId": 0,
                    "flooded": false,
                    "pathable": true,
                    "mergeable": false,
                    "no_features": true
                },
                {
                    "spec": "/pa/terrain/ice/brushes/ice_metal_t3_small_2_ramp.json",
                    "proj": "BP_Bend",
                    "op": "BO_Add",
                    "position": [
                        -160.36941528320312,
                        -227.680908203125,
                        641.8348999023438
                    ],
                    "height": 699.649169921875,
                    "transform": [
                        0.6423958539962769,
                        0.7312923669815063,
                        -0.22921402752399445,
                        -160.36940002441406,
                        -0.7586385607719421,
                        0.5644186735153198,
                        -0.3254214823246002,
                        -227.68084716796875,
                        0.10860557854175568,
                        -0.38293999433517456,
                        -0.9173667430877686,
                        -641.8348999023438
                    ],
                    "scale": [
                        1,
                        1,
                        1
                    ],
                    "rotation": -0.8899994492530823,
                    "weight": [
                        0,
                        0,
                        0,
                        0
                    ],
                    "weightHard": false,
                    "weightScale": [
                        1,
                        1,
                        1
                    ],
                    "mirrored": true,
                    "twinId": 0,
                    "flooded": false,
                    "pathable": true,
                    "mergeable": false,
                    "no_features": true
                },
                {
                    "spec": "/pa/terrain/ice/brushes/ice_metal_t3_small_2_ramp.json",
                    "proj": "BP_Bend",
                    "op": "BO_Add",
                    "position": [
                        -224.44888305664062,
                        150.1209259033203,
                        643.285888671875
                    ],
                    "height": 697.66064453125,
                    "transform": [
                        0.7909787893295288,
                        -0.5204334855079651,
                        -0.32171639800071716,
                        -224.44886779785156,
                        0.5963512063026428,
                        0.7733458876609802,
                        0.21517758071422577,
                        150.1209259033203,
                        0.13681241869926453,
                        -0.3620569109916687,
                        0.9220613837242126,
                        643.2859497070312
                    ],
                    "scale": [
                        1,
                        1,
                        1
                    ],
                    "rotation": 0.6199997067451477,
                    "weight": [
                        0,
                        0,
                        0,
                        0
                    ],
                    "weightHard": false,
                    "weightScale": [
                        1,
                        1,
                        1
                    ],
                    "mirrored": false,
                    "twinId": 0,
                    "flooded": false,
                    "pathable": true,
                    "mergeable": false,
                    "no_features": true
                },
                {
                    "spec": "/pa/terrain/ice/brushes/ice_metal_t3_small_2_ramp.json",
                    "proj": "BP_Bend",
                    "op": "BO_Add",
                    "position": [
                        -224.44888305664062,
                        150.1209259033203,
                        643.285888671875
                    ],
                    "height": 697.66064453125,
                    "transform": [
                        0.7909787893295288,
                        -0.5204334855079651,
                        -0.32171639800071716,
                        -224.44886779785156,
                        0.5963512063026428,
                        0.7733458876609802,
                        0.21517758071422577,
                        150.1209259033203,
                        -0.13681241869926453,
                        0.3620569109916687,
                        -0.9220613837242126,
                        -643.2860107421875
                    ],
                    "scale": [
                        1,
                        1,
                        1
                    ],
                    "rotation": 0.6199997067451477,
                    "weight": [
                        0,
                        0,
                        0,
                        0
                    ],
                    "weightHard": false,
                    "weightScale": [
                        1,
                        1,
                        1
                    ],
                    "mirrored": true,
                    "twinId": 0,
                    "flooded": false,
                    "pathable": true,
                    "mergeable": false,
                    "no_features": true
                },
                {
                    "spec": "/pa/terrain/ice/brushes/ice_metal_t3_small_2_ramp.json",
                    "proj": "BP_Bend",
                    "op": "BO_Add",
                    "position": [
                        166.21917724609375,
                        214.22491455078125,
                        644.79052734375
                    ],
                    "height": 699.4826049804688,
                    "transform": [
                        0.6476172804832458,
                        0.7239633798599243,
                        0.23763158917427063,
                        166.2191619873047,
                        -0.7572501301765442,
                        0.5768672823905945,
                        0.30626195669174194,
                        214.22491455078125,
                        0.08464056253433228,
                        -0.37828710675239563,
                        0.9218106269836426,
                        644.79052734375
                    ],
                    "scale": [
                        1,
                        1,
                        1
                    ],
                    "rotation": -0.8799994587898254,
                    "weight": [
                        0,
                        0,
                        0,
                        0
                    ],
                    "weightHard": false,
                    "weightScale": [
                        1,
                        1,
                        1
                    ],
                    "mirrored": false,
                    "twinId": 0,
                    "flooded": false,
                    "pathable": true,
                    "mergeable": false,
                    "no_features": true
                },
                {
                    "spec": "/pa/terrain/ice/brushes/ice_metal_t3_small_2_ramp.json",
                    "proj": "BP_Bend",
                    "op": "BO_Add",
                    "position": [
                        166.21917724609375,
                        214.22491455078125,
                        644.79052734375
                    ],
                    "height": 699.4826049804688,
                    "transform": [
                        0.6476172804832458,
                        0.7239633798599243,
                        0.23763158917427063,
                        166.2191619873047,
                        -0.7572501301765442,
                        0.5768672823905945,
                        0.30626195669174194,
                        214.22491455078125,
                        -0.08464056253433228,
                        0.37828710675239563,
                        -0.9218106269836426,
                        -644.79052734375
                    ],
                    "scale": [
                        1,
                        1,
                        1
                    ],
                    "rotation": -0.8799994587898254,
                    "weight": [
                        0,
                        0,
                        0,
                        0
                    ],
                    "weightHard": false,
                    "weightScale": [
                        1,
                        1,
                        1
                    ],
                    "mirrored": true,
                    "twinId": 0,
                    "flooded": false,
                    "pathable": true,
                    "mergeable": false,
                    "no_features": true
                },
                {
                    "spec": "/pa/terrain/jungle/brushes/jungle_crack_01.json",
                    "proj": "BP_Bend",
                    "op": "BO_Subtract",
                    "position": [
                        -286.4591979980469,
                        -55.69264221191406,
                        633.6278686523438
                    ],
                    "height": 697.5993041992188,
                    "transform": [
                        -0.010674506425857544,
                        1.0302780866622925,
                        -0.464018315076828,
                        -286.4591979980469,
                        -1.1251788139343262,
                        -0.052288129925727844,
                        -0.09021320939064026,
                        -55.69263458251953,
                        -0.10372331738471985,
                        0.46118640899658203,
                        1.0263763666152954,
                        633.6278686523438
                    ],
                    "scale": [
                        1.1299998760223389,
                        1.1299998760223389,
                        1.1299998760223389
                    ],
                    "rotation": -1.5999988317489624,
                    "weight": [
                        0,
                        0,
                        0,
                        0
                    ],
                    "weightHard": false,
                    "weightScale": [
                        1,
                        1,
                        1
                    ],
                    "mirrored": false,
                    "twinId": 0,
                    "flooded": false,
                    "pathable": false,
                    "mergeable": false,
                    "no_features": true
                },
                {
                    "spec": "/pa/terrain/jungle/brushes/jungle_crack_01.json",
                    "proj": "BP_Bend",
                    "op": "BO_Subtract",
                    "position": [
                        -286.4591979980469,
                        -55.69264221191406,
                        633.6278686523438
                    ],
                    "height": 697.5993041992188,
                    "transform": [
                        -0.010674506425857544,
                        1.0302780866622925,
                        -0.464018315076828,
                        -286.4591979980469,
                        -1.1251788139343262,
                        -0.052288129925727844,
                        -0.09021320939064026,
                        -55.692630767822266,
                        0.10372331738471985,
                        -0.46118640899658203,
                        -1.0263763666152954,
                        -633.6278686523438
                    ],
                    "scale": [
                        1.1299998760223389,
                        1.1299998760223389,
                        1.1299998760223389
                    ],
                    "rotation": -1.5999988317489624,
                    "weight": [
                        0,
                        0,
                        0,
                        0
                    ],
                    "weightHard": false,
                    "weightScale": [
                        1,
                        1,
                        1
                    ],
                    "mirrored": true,
                    "twinId": 0,
                    "flooded": false,
                    "pathable": false,
                    "mergeable": false,
                    "no_features": true
                },
                {
                    "spec": "/pa/terrain/jungle/brushes/jungle_crack_01.json",
                    "proj": "BP_Bend",
                    "op": "BO_Subtract",
                    "position": [
                        -56.894927978515625,
                        269.7267150878906,
                        642.425537109375
                    ],
                    "height": 699.0708618164062,
                    "transform": [
                        -1.0741562843322754,
                        -0.06972867995500565,
                        -0.0878973975777626,
                        -56.89492416381836,
                        0.030550478026270866,
                        -0.9959041476249695,
                        0.4167028069496155,
                        269.7267150878906,
                        -0.10795698314905167,
                        0.41196176409721375,
                        0.9924879670143127,
                        642.425537109375
                    ],
                    "scale": [
                        1.0799999237060547,
                        1.0799999237060547,
                        1.0799999237060547
                    ],
                    "rotation": -3.189997434616089,
                    "weight": [
                        0,
                        0,
                        0,
                        0
                    ],
                    "weightHard": false,
                    "weightScale": [
                        1,
                        1,
                        1
                    ],
                    "mirrored": false,
                    "twinId": 0,
                    "flooded": false,
                    "pathable": false,
                    "mergeable": false,
                    "no_features": true
                },
                {
                    "spec": "/pa/terrain/jungle/brushes/jungle_crack_01.json",
                    "proj": "BP_Bend",
                    "op": "BO_Subtract",
                    "position": [
                        -56.894927978515625,
                        269.7267150878906,
                        642.425537109375
                    ],
                    "height": 699.0708618164062,
                    "transform": [
                        -1.0741562843322754,
                        -0.06972867995500565,
                        -0.0878973975777626,
                        -56.89492416381836,
                        0.030550478026270866,
                        -0.9959041476249695,
                        0.4167028069496155,
                        269.7267150878906,
                        0.10795698314905167,
                        -0.41196176409721375,
                        -0.9924879670143127,
                        -642.425537109375
                    ],
                    "scale": [
                        1.0799999237060547,
                        1.0799999237060547,
                        1.0799999237060547
                    ],
                    "rotation": -3.189997434616089,
                    "weight": [
                        0,
                        0,
                        0,
                        0
                    ],
                    "weightHard": false,
                    "weightScale": [
                        1,
                        1,
                        1
                    ],
                    "mirrored": true,
                    "twinId": 0,
                    "flooded": false,
                    "pathable": false,
                    "mergeable": false,
                    "no_features": true
                },
                {
                    "spec": "/pa/terrain/jungle/brushes/jungle_crack_01.json",
                    "proj": "BP_Bend",
                    "op": "BO_Subtract",
                    "position": [
                        285.65802001953125,
                        42.01420593261719,
                        637.513427734375
                    ],
                    "height": 699.8493041992188,
                    "transform": [
                        0.07002551108598709,
                        -1.0475033521652222,
                        0.4693962335586548,
                        285.6579895019531,
                        1.1428961753845215,
                        0.10733918845653534,
                        0.06903818994760513,
                        42.01420211791992,
                        -0.10669770836830139,
                        0.46229287981987,
                        1.047568917274475,
                        637.513427734375
                    ],
                    "scale": [
                        1.1499998569488525,
                        1.1499998569488525,
                        1.1499998569488525
                    ],
                    "rotation": 1.4899989366531372,
                    "weight": [
                        0,
                        0,
                        0,
                        0
                    ],
                    "weightHard": false,
                    "weightScale": [
                        1,
                        1,
                        1
                    ],
                    "mirrored": false,
                    "twinId": 0,
                    "flooded": false,
                    "pathable": false,
                    "mergeable": false,
                    "no_features": true
                },
                {
                    "spec": "/pa/terrain/jungle/brushes/jungle_crack_01.json",
                    "proj": "BP_Bend",
                    "op": "BO_Subtract",
                    "position": [
                        285.65802001953125,
                        42.01420593261719,
                        637.513427734375
                    ],
                    "height": 699.8493041992188,
                    "transform": [
                        0.07002551108598709,
                        -1.0475033521652222,
                        0.4693962335586548,
                        285.6579895019531,
                        1.1428961753845215,
                        0.10733918845653534,
                        0.06903818994760513,
                        42.014198303222656,
                        0.10669770836830139,
                        -0.46229287981987,
                        -1.047568917274475,
                        -637.513427734375
                    ],
                    "scale": [
                        1.1499998569488525,
                        1.1499998569488525,
                        1.1499998569488525
                    ],
                    "rotation": 1.4899989366531372,
                    "weight": [
                        0,
                        0,
                        0,
                        0
                    ],
                    "weightHard": false,
                    "weightScale": [
                        1,
                        1,
                        1
                    ],
                    "mirrored": true,
                    "twinId": 0,
                    "flooded": false,
                    "pathable": false,
                    "mergeable": false,
                    "no_features": true
                },
                {
                    "spec": "/pa/terrain/jungle/brushes/jungle_crack_01.json",
                    "proj": "BP_Bend",
                    "op": "BO_Subtract",
                    "position": [
                        42.263587951660156,
                        -284.51123046875,
                        638.5875854492188
                    ],
                    "height": 700.3762817382812,
                    "transform": [
                        1.0565911531448364,
                        0.05588870495557785,
                        0.06396476179361343,
                        42.263587951660156,
                        -0.025149058550596237,
                        0.9682722687721252,
                        -0.43059977889060974,
                        -284.5111999511719,
                        -0.08113299310207367,
                        0.42769742012023926,
                        0.9664844870567322,
                        638.5875854492188
                    ],
                    "scale": [
                        1.059999942779541,
                        1.059999942779541,
                        1.059999942779541
                    ],
                    "rotation": -0.03999999910593033,
                    "weight": [
                        0,
                        0,
                        0,
                        0
                    ],
                    "weightHard": false,
                    "weightScale": [
                        1,
                        1,
                        1
                    ],
                    "mirrored": false,
                    "twinId": 0,
                    "flooded": false,
                    "pathable": false,
                    "mergeable": false,
                    "no_features": true
                },
                {
                    "spec": "/pa/terrain/jungle/brushes/jungle_crack_01.json",
                    "proj": "BP_Bend",
                    "op": "BO_Subtract",
                    "position": [
                        42.263587951660156,
                        -284.51123046875,
                        638.5875854492188
                    ],
                    "height": 700.3762817382812,
                    "transform": [
                        1.0565911531448364,
                        0.05588870495557785,
                        0.06396476179361343,
                        42.263587951660156,
                        -0.025149058550596237,
                        0.9682722687721252,
                        -0.43059977889060974,
                        -284.5111999511719,
                        0.08113299310207367,
                        -0.42769742012023926,
                        -0.9664844870567322,
                        -638.5875854492188
                    ],
                    "scale": [
                        1.059999942779541,
                        1.059999942779541,
                        1.059999942779541
                    ],
                    "rotation": -0.03999999910593033,
                    "weight": [
                        0,
                        0,
                        0,
                        0
                    ],
                    "weightHard": false,
                    "weightScale": [
                        1,
                        1,
                        1
                    ],
                    "mirrored": true,
                    "twinId": 0,
                    "flooded": false,
                    "pathable": false,
                    "mergeable": false,
                    "no_features": true
                },
                {
                    "spec": "/pa/terrain/jungle/brushes/jungle_volcano_06.json",
                    "proj": "BP_Bend",
                    "op": "BO_Add",
                    "position": [
                        344.0068664550781,
                        -364.1845703125,
                        489.215087890625
                    ],
                    "height": 700.216064453125,
                    "transform": [
                        0.8579102158546448,
                        0.150424063205719,
                        0.4912867546081543,
                        344.0068664550781,
                        0.150424063205719,
                        0.8407528400421143,
                        -0.5201031565666199,
                        -364.1845703125,
                        -0.4912867546081543,
                        0.5201031565666199,
                        0.6986629962921143,
                        489.2150573730469
                    ],
                    "scale": [
                        1,
                        1,
                        1
                    ],
                    "rotation": 0,
                    "weight": [
                        0,
                        0,
                        0,
                        0
                    ],
                    "weightHard": false,
                    "weightScale": [
                        1,
                        1,
                        1
                    ],
                    "mirrored": false,
                    "twinId": 0,
                    "flooded": false,
                    "pathable": false,
                    "mergeable": false,
                    "no_features": false
                },
                {
                    "spec": "/pa/terrain/jungle/brushes/jungle_volcano_06.json",
                    "proj": "BP_Bend",
                    "op": "BO_Add",
                    "position": [
                        344.0068664550781,
                        -364.1845703125,
                        489.215087890625
                    ],
                    "height": 700.216064453125,
                    "transform": [
                        0.8579102158546448,
                        0.150424063205719,
                        0.4912867546081543,
                        344.0068664550781,
                        0.150424063205719,
                        0.8407528400421143,
                        -0.5201031565666199,
                        -364.1845703125,
                        0.4912867546081543,
                        -0.5201031565666199,
                        -0.6986629962921143,
                        -489.2150573730469
                    ],
                    "scale": [
                        1,
                        1,
                        1
                    ],
                    "rotation": 0,
                    "weight": [
                        0,
                        0,
                        0,
                        0
                    ],
                    "weightHard": false,
                    "weightScale": [
                        1,
                        1,
                        1
                    ],
                    "mirrored": true,
                    "twinId": 0,
                    "flooded": false,
                    "pathable": false,
                    "mergeable": false,
                    "no_features": false
                },
                {
                    "spec": "/pa/terrain/jungle/brushes/jungle_volcano_06.json",
                    "proj": "BP_Bend",
                    "op": "BO_Add",
                    "position": [
                        352.2896728515625,
                        354.20867919921875,
                        490.8126220703125
                    ],
                    "height": 700.3347778320312,
                    "transform": [
                        0.8407240509986877,
                        -0.20035864412784576,
                        0.5030303597450256,
                        352.2896423339844,
                        -0.09837032854557037,
                        0.8570411205291748,
                        0.5057705044746399,
                        354.20867919921875,
                        -0.5324532389640808,
                        -0.47469669580459595,
                        0.7008256912231445,
                        490.8125915527344
                    ],
                    "scale": [
                        1,
                        1,
                        1
                    ],
                    "rotation": 0.059999994933605194,
                    "weight": [
                        0,
                        0,
                        0,
                        0
                    ],
                    "weightHard": false,
                    "weightScale": [
                        1,
                        1,
                        1
                    ],
                    "mirrored": false,
                    "twinId": 0,
                    "flooded": false,
                    "pathable": false,
                    "mergeable": false,
                    "no_features": false
                },
                {
                    "spec": "/pa/terrain/jungle/brushes/jungle_volcano_06.json",
                    "proj": "BP_Bend",
                    "op": "BO_Add",
                    "position": [
                        352.2896728515625,
                        354.20867919921875,
                        490.8126220703125
                    ],
                    "height": 700.3347778320312,
                    "transform": [
                        0.8407240509986877,
                        -0.20035864412784576,
                        0.5030303597450256,
                        352.2896423339844,
                        -0.09837032854557037,
                        0.8570411205291748,
                        0.5057705044746399,
                        354.20867919921875,
                        0.5324532389640808,
                        0.47469669580459595,
