{
    "name": "Boiling point 3vs3 System V2",
    "description": "3 vs 3 Only Team game map.Find a unique way to conquer a warm planet.",
    "creator": "GreatBalancer",
    "version": "1.0",
    "planets": [
        {
            "name": "Boiling point",
            "mass": 10000,
            "position_x": 31900,
            "position_y": -1800,
            "velocity_x": 7.047511577606201,
            "velocity_y": 124.89765167236328,
            "required_thrust_to_move": 0,
            "starting_planet": true,
            "respawn": false,
            "start_destroyed": false,
            "min_spawn_delay": 0,
            "max_spawn_delay": 0,
            "planet": {
                "seed": 892283200,
                "radius": 650,
                "heightRange": 0,
                "waterHeight": 50,
                "waterDepth": 0,
                "temperature": 100,
                "metalDensity": 0,
                "metalClusters": 138,
                "metalSpotLimit": -1,
                "biomeScale": 50,
                "biome": "lava",
                "symmetryType": "terrain and CSG",
                "symmetricalMetal": true,
                "symmetricalStarts": false,
                "numArmies": 2,
                "landingZonesPerArmy": 0,
                "landingZoneSize": 0,
                "heightAdjustments": []
            },
            "planetCSG": [
                {
                    "proj": "BP_Bend",
                    "spec": "/pa/terrain/lava/brushes/lava_metal_t2_medium_2_ramp.json",
                    "height": 651.3079223632812,
                    "op": "BO_Add",
                    "position": [
                        41.34332275390625,
                        -49.2586555480957,
                        648.125244140625
                    ],
                    "transform": [
                        0.9848500490188599,
                        0.16137200593948364,
                        0.06347738951444626,
                        41.343326568603516,
                        -0.1564858853816986,
                        0.9847802519798279,
                        -0.07563037425279617,
                        -49.258663177490234,
                        -0.07471590489149094,
                        0.06455126404762268,
                        0.9951133728027344,
                        648.125244140625
                    ],
                    "scale": [
                        1,
                        1,
                        1
                    ],
                    "rotation": -0.1599999964237213,
                    "weight": [
                        0,
                        0,
                        0,
                        0
                    ],
                    "weightHard": false,
                    "weightScale": [
                        1,
                        1,
                        1
                    ],
                    "mirrored": false,
                    "twinId": 0,
                    "pathable": true,
                    "flooded": false,
                    "mergeable": false,
                    "no_features": true
                },
                {
                    "proj": "BP_Bend",
                    "spec": "/pa/terrain/lava/brushes/lava_metal_t2_medium_2_ramp.json",
                    "height": 651.3079223632812,
                    "op": "BO_Add",
                    "position": [
                        41.34332275390625,
                        -49.2586555480957,
                        648.125244140625
                    ],
                    "transform": [
                        0.9848500490188599,
                        0.16137200593948364,
                        0.06347738951444626,
                        41.343326568603516,
                        -0.1564858853816986,
                        0.9847802519798279,
                        -0.07563037425279617,
                        -49.258663177490234,
                        0.07471590489149094,
                        -0.06455126404762268,
                        -0.9951133728027344,
                        -648.125244140625
                    ],
                    "scale": [
                        1,
                        1,
                        1
                    ],
                    "rotation": -0.1599999964237213,
                    "weight": [
                        0,
                        0,
                        0,
                        0
                    ],
                    "weightHard": false,
                    "weightScale": [
                        1,
                        1,
                        1
                    ],
                    "mirrored": true,
                    "twinId": 0,
                    "pathable": true,
                    "flooded": false,
                    "mergeable": false,
                    "no_features": true
                },
                {
                    "proj": "BP_Bend",
                    "spec": "/pa/terrain/lava/brushes/lava_metal_t2_medium_2_ramp.json",
                    "height": 649.4561767578125,
                    "op": "BO_Add",
                    "position": [
                        -60.48309326171875,
                        -453.552490234375,
                        460.8961181640625
                    ],
                    "transform": [
                        0.988705039024353,
                        -0.11742852628231049,
                        -0.09312883019447327,
                        -60.48309326171875,
                        0.019198786467313766,
                        0.715491771697998,
                        -0.698357343673706,
                        -453.552490234375,
                        0.148639976978302,
                        0.6886814832687378,
                        0.7096647024154663,
                        460.8961181640625
                    ],
                    "scale": [
                        1,
                        1,
                        1
                    ],
                    "rotation": 0.07999999076128006,
                    "weight": [
                        0,
                        0,
                        0,
                        0
                    ],
                    "weightHard": false,
                    "weightScale": [
                        1,
                        1,
                        1
                    ],
                    "mirrored": false,
                    "twinId": 0,
                    "pathable": true,
                    "flooded": false,
                    "mergeable": false,
                    "no_features": true
                },
                {
                    "proj": "BP_Bend",
                    "spec": "/pa/terrain/lava/brushes/lava_metal_t2_medium_2_ramp.json",
                    "height": 649.4561767578125,
                    "op": "BO_Add",
                    "position": [
                        -60.48309326171875,
                        -453.552490234375,
                        460.8961181640625
                    ],
                    "transform": [
                        0.988705039024353,
                        -0.11742852628231049,
                        -0.09312883019447327,
                        -60.48309326171875,
                        0.019198786467313766,
                        0.715491771697998,
                        -0.698357343673706,
                        -453.552490234375,
                        -0.148639976978302,
                        -0.6886814832687378,
                        -0.7096647024154663,
                        -460.8961181640625
                    ],
                    "scale": [
                        1,
                        1,
                        1
                    ],
                    "rotation": 0.07999999076128006,
                    "weight": [
                        0,
                        0,
                        0,
                        0
                    ],
                    "weightHard": false,
                    "weightScale": [
                        1,
                        1,
                        1
                    ],
                    "mirrored": true,
                    "twinId": 0,
                    "pathable": true,
                    "flooded": false,
                    "mergeable": false,
                    "no_features": true
                },
                {
                    "proj": "BP_Bend",
                    "spec": "/pa/terrain/lava/brushes/lava_metal_t2_medium_2_ramp.json",
                    "height": 649.7896728515625,
                    "op": "BO_Add",
                    "position": [
                        194.18096923828125,
                        350.20184326171875,
                        511.7412109375
                    ],
                    "transform": [
                        0.8057669997215271,
                        0.5113083720207214,
                        0.2988366484642029,
                        194.18096923828125,
                        -0.5846675038337708,
                        0.606383204460144,
                        0.5389464497566223,
                        350.20184326171875,
                        0.09435831010341644,
                        -0.6089853048324585,
                        0.7875490188598633,
                        511.7412109375
                    ],
                    "scale": [
                        1,
                        1,
                        1
                    ],
                    "rotation": -0.659999668598175,
                    "weight": [
                        0,
                        0,
                        0,
                        0
                    ],
                    "weightHard": false,
                    "weightScale": [
                        1,
                        1,
                        1
                    ],
                    "mirrored": false,
                    "twinId": 0,
                    "pathable": true,
                    "flooded": false,
                    "mergeable": false,
                    "no_features": true
                },
                {
                    "proj": "BP_Bend",
                    "spec": "/pa/terrain/lava/brushes/lava_metal_t2_medium_2_ramp.json",
                    "height": 649.7896728515625,
                    "op": "BO_Add",
                    "position": [
                        194.18096923828125,
                        350.20184326171875,
                        511.7412109375
                    ],
                    "transform": [
                        0.8057669997215271,
                        0.5113083720207214,
                        0.2988366484642029,
                        194.18096923828125,
                        -0.5846675038337708,
                        0.606383204460144,
                        0.5389464497566223,
                        350.20184326171875,
                        -0.09435831010341644,
                        0.6089853048324585,
                        -0.7875490188598633,
                        -511.7412109375
                    ],
                    "scale": [
                        1,
                        1,
                        1
                    ],
                    "rotation": -0.659999668598175,
                    "weight": [
                        0,
                        0,
                        0,
                        0
                    ],
                    "weightHard": false,
                    "weightScale": [
                        1,
                        1,
                        1
                    ],
                    "mirrored": true,
                    "twinId": 0,
                    "pathable": true,
                    "flooded": false,
                    "mergeable": false,
                    "no_features": true
                },
                {
                    "proj": "BP_Bend",
                    "spec": "/pa/terrain/lava/brushes/lava_t2_medium_long.json",
                    "height": 650.75439453125,
                    "op": "BO_Add",
                    "position": [
                        -265.4653625488281,
                        -180.662841796875,
                        566.0126953125
                    ],
                    "transform": [
                        0.8941507339477539,
                        0.18461741507053375,
                        -0.4079348146915436,
                        -265.4653625488281,
                        -0.31411153078079224,
                        0.9078880548477173,
                        -0.2776206135749817,
                        -180.662841796875,
                        0.3191055655479431,
                        0.37637168169021606,
                        0.8697792887687683,
                        566.0126953125
                    ],
                    "scale": [
                        1,
                        1,
                        1
                    ],
                    "rotation": -0.27000001072883606,
                    "weight": [
                        0,
                        0,
                        0,
                        0
                    ],
                    "weightHard": false,
                    "weightScale": [
                        1,
                        1,
                        1
                    ],
                    "mirrored": false,
                    "twinId": 0,
                    "pathable": true,
                    "flooded": false,
                    "mergeable": false,
                    "no_features": false
                },
                {
                    "proj": "BP_Bend",
                    "spec": "/pa/terrain/lava/brushes/lava_t2_medium_long.json",
                    "height": 650.75439453125,
                    "op": "BO_Add",
                    "position": [
                        -265.4653625488281,
                        -180.662841796875,
                        566.0126953125
                    ],
                    "transform": [
                        0.8941507339477539,
                        0.18461741507053375,
                        -0.4079348146915436,
                        -265.4653625488281,
                        -0.31411153078079224,
                        0.9078880548477173,
                        -0.2776206135749817,
                        -180.662841796875,
                        -0.3191055655479431,
                        -0.37637168169021606,
                        -0.8697792887687683,
                        -566.0126953125
                    ],
                    "scale": [
                        1,
                        1,
                        1
                    ],
                    "rotation": -0.27000001072883606,
                    "weight": [
                        0,
                        0,
                        0,
                        0
                    ],
                    "weightHard": false,
                    "weightScale": [
                        1,
                        1,
                        1
                    ],
                    "mirrored": true,
                    "twinId": 0,
                    "pathable": true,
                    "flooded": false,
                    "mergeable": false,
                    "no_features": false
                },
                {
                    "proj": "BP_Bend",
                    "spec": "/pa/terrain/lava/brushes/lava_t2_medium_long.json",
                    "height": 649.60205078125,
                    "op": "BO_Add",
                    "position": [
                        -134.0333251953125,
                        263.9194641113281,
                        578.2425537109375
                    ],
                    "transform": [
                        0.9271527528762817,
                        0.31275397539138794,
                        -0.20633144676685333,
                        -134.0333251953125,
                        -0.2095993608236313,
                        0.8893850445747375,
                        0.40627869963645935,
                        263.9194641113281,
                        0.31057339906692505,
                        -0.3334354758262634,
                        0.8901488184928894,
                        578.2424926757812
                    ],
                    "scale": [
                        1,
                        1,
                        1
                    ],
                    "rotation": -0.2800000011920929,
                    "weight": [
                        0,
                        0,
                        0,
                        0
                    ],
                    "weightHard": false,
                    "weightScale": [
                        1,
                        1,
                        1
                    ],
                    "mirrored": false,
                    "twinId": 0,
                    "pathable": true,
                    "flooded": false,
                    "mergeable": false,
                    "no_features": false
                },
                {
                    "proj": "BP_Bend",
                    "spec": "/pa/terrain/lava/brushes/lava_t2_medium_long.json",
                    "height": 649.60205078125,
                    "op": "BO_Add",
                    "position": [
                        -134.0333251953125,
                        263.9194641113281,
                        578.2425537109375
                    ],
                    "transform": [
                        0.9271527528762817,
                        0.31275397539138794,
                        -0.20633144676685333,
                        -134.0333251953125,
                        -0.2095993608236313,
                        0.8893850445747375,
                        0.40627869963645935,
                        263.9194641113281,
                        -0.31057339906692505,
                        0.3334354758262634,
                        -0.8901488184928894,
                        -578.2424926757812
                    ],
                    "scale": [
                        1,
                        1,
                        1
                    ],
                    "rotation": -0.2800000011920929,
                    "weight": [
                        0,
                        0,
                        0,
                        0
                    ],
                    "weightHard": false,
                    "weightScale": [
                        1,
                        1,
                        1
                    ],
                    "mirrored": true,
                    "twinId": 0,
                    "pathable": true,
                    "flooded": false,
                    "mergeable": false,
                    "no_features": false
                },
                {
                    "proj": "BP_Bend",
                    "spec": "/pa/terrain/lava/brushes/lava_t3_small_2_ramp.json",
                    "height": 649.3742065429688,
                    "op": "BO_Add",
                    "position": [
                        -189.80548095703125,
                        -358.72723388671875,
                        506.92755126953125
                    ],
                    "transform": [
                        0.4858716130256653,
                        -0.8568503260612488,
                        -0.30105847120285034,
                        -189.80545043945312,
                        0.6455950140953064,
                        0.5659988522529602,
                        -0.5689924359321594,
                        -358.7272033691406,
                        0.6387767791748047,
                        0.07970429956912994,
                        0.8040593266487122,
                        506.92755126953125
                    ],
                    "scale": [
                        1.0299999713897705,
                        1.0299999713897705,
                        1.0299999713897705
                    ],
                    "rotation": 0.9599994421005249,
                    "weight": [
                        0,
                        0,
                        0,
                        0
                    ],
                    "weightHard": false,
                    "weightScale": [
                        1,
                        1,
                        1
                    ],
                    "mirrored": false,
                    "twinId": 0,
                    "pathable": true,
                    "flooded": false,
                    "mergeable": false,
                    "no_features": false
                },
                {
                    "proj": "BP_Bend",
                    "spec": "/pa/terrain/lava/brushes/lava_t3_small_2_ramp.json",
                    "height": 649.3742065429688,
                    "op": "BO_Add",
                    "position": [
                        -189.80548095703125,
                        -358.72723388671875,
                        506.92755126953125
                    ],
                    "transform": [
                        0.4858716130256653,
                        -0.8568503260612488,
                        -0.30105847120285034,
                        -189.80545043945312,
                        0.6455950140953064,
                        0.5659988522529602,
                        -0.5689924359321594,
                        -358.7272033691406,
                        -0.6387767791748047,
                        -0.07970429956912994,
                        -0.8040593266487122,
                        -506.9275207519531
                    ],
                    "scale": [
                        1.0299999713897705,
                        1.0299999713897705,
                        1.0299999713897705
                    ],
                    "rotation": 0.9599994421005249,
                    "weight": [
                        0,
                        0,
                        0,
                        0
                    ],
                    "weightHard": false,
                    "weightScale": [
                        1,
                        1,
                        1
                    ],
                    "mirrored": true,
                    "twinId": 0,
                    "pathable": true,
                    "flooded": false,
                    "mergeable": false,
                    "no_features": false
                },
                {
                    "proj": "BP_Bend",
                    "spec": "/pa/terrain/lava/brushes/lava_t3_small_2_ramp.json",
                    "height": 649.3814086914062,
                    "op": "BO_Add",
                    "position": [
                        -134.9922332763672,
                        -13.545455932617188,
                        635.051025390625
                    ],
                    "transform": [
                        -0.02716018632054329,
                        1.00713312625885,
                        -0.21411454677581787,
                        -134.9922332763672,
                        -1.0292683839797974,
                        -0.03232474997639656,
                        -0.02148478478193283,
                        -13.545455932617188,
                        -0.027727417647838593,
                        0.21339592337608337,
                        1.0072702169418335,
                        635.051025390625
                    ],
                    "scale": [
                        1.0299999713897705,
                        1.0299999713897705,
                        1.0299999713897705
                    ],
                    "rotation": -1.5999988317489624,
                    "weight": [
                        0,
                        0,
                        0,
                        0
                    ],
                    "weightHard": false,
                    "weightScale": [
                        1,
                        1,
                        1
                    ],
                    "mirrored": false,
                    "twinId": 0,
                    "pathable": true,
                    "flooded": false,
                    "mergeable": false,
                    "no_features": false
                },
                {
                    "proj": "BP_Bend",
                    "spec": "/pa/terrain/lava/brushes/lava_t3_small_2_ramp.json",
                    "height": 649.3814086914062,
                    "op": "BO_Add",
                    "position": [
                        -134.9922332763672,
                        -13.545455932617188,
                        635.051025390625
                    ],
                    "transform": [
                        -0.02716018632054329,
                        1.00713312625885,
                        -0.21411454677581787,
                        -134.9922332763672,
                        -1.0292683839797974,
                        -0.03232474997639656,
                        -0.02148478478193283,
                        -13.545455932617188,
                        0.027727417647838593,
                        -0.21339592337608337,
                        -1.0072702169418335,
                        -635.051025390625
                    ],
                    "scale": [
                        1.0299999713897705,
                        1.0299999713897705,
                        1.0299999713897705
                    ],
                    "rotation": -1.5999988317489624,
                    "weight": [
                        0,
                        0,
                        0,
                        0
                    ],
                    "weightHard": false,
                    "weightScale": [
                        1,
                        1,
                        1
                    ],
                    "mirrored": true,
                    "twinId": 0,
                    "pathable": true,
                    "flooded": false,
                    "mergeable": false,
                    "no_features": false
                },
                {
                    "proj": "BP_Bend",
                    "spec": "/pa/terrain/lava/brushes/lava_t3_small_2_ramp.json",
                    "height": 649.7557983398438,
                    "op": "BO_Add",
                    "position": [
                        38.586402893066406,
                        364.71124267578125,
                        536.3575439453125
                    ],
                    "transform": [
                        -0.14092589914798737,
                        -1.018478512763977,
                        0.06116758659482002,
                        38.586402893066406,
                        0.8484187722206116,
                        -0.08267282694578171,
                        0.5781442523002625,
                        364.71124267578125,
                        -0.5667675137519836,
                        0.12948663532733917,
                        0.8502398133277893,
                        536.3575439453125
                    ],
                    "scale": [
                        1.0299999713897705,
                        1.0299999713897705,
                        1.0299999713897705
                    ],
                    "rotation": 1.689998745918274,
                    "weight": [
                        0,
                        0,
                        0,
                        0
                    ],
                    "weightHard": false,
                    "weightScale": [
                        1,
                        1,
                        1
                    ],
                    "mirrored": false,
                    "twinId": 0,
                    "pathable": true,
                    "flooded": false,
                    "mergeable": false,
                    "no_features": false
                },
                {
                    "proj": "BP_Bend",
                    "spec": "/pa/terrain/lava/brushes/lava_t3_small_2_ramp.json",
                    "height": 649.7557983398438,
                    "op": "BO_Add",
                    "position": [
                        38.586402893066406,
                        364.71124267578125,
                        536.3575439453125
                    ],
                    "transform": [
                        -0.14092589914798737,
                        -1.018478512763977,
                        0.06116758659482002,
                        38.586402893066406,
                        0.8484187722206116,
                        -0.08267282694578171,
                        0.5781442523002625,
                        364.71124267578125,
                        0.5667675137519836,
                        -0.12948663532733917,
                        -0.8502398133277893,
                        -536.3575439453125
                    ],
                    "scale": [
                        1.0299999713897705,
                        1.0299999713897705,
                        1.0299999713897705
                    ],
                    "rotation": 1.689998745918274,
                    "weight": [
                        0,
                        0,
                        0,
                        0
                    ],
                    "weightHard": false,
                    "weightScale": [
                        1,
                        1,
                        1
                    ],
                    "mirrored": true,
                    "twinId": 0,
                    "pathable": true,
                    "flooded": false,
                    "mergeable": false,
                    "no_features": false
                },
                {
                    "proj": "BP_Bend",
                    "spec": "/pa/terrain/lava/brushes/lava_t3_small_2_ramp.json",
                    "height": 647.7688598632812,
                    "op": "BO_Add",
                    "position": [
                        -321.4183654785156,
                        73.01898956298828,
                        557.6405029296875
                    ],
                    "transform": [
                        0.2517913579940796,
                        -0.8580790162086487,
                        -0.5110787749290466,
                        -321.4183654785156,
                        0.9986464977264404,
                        0.22388552129268646,
                        0.11610554903745651,
                        73.01898956298828,
                        0.014364480972290039,
                        -0.5239042639732361,
                        0.886689305305481,
                        557.6405639648438
                    ],
                    "scale": [
                        1.0299999713897705,
                        1.0299999713897705,
                        1.0299999713897705
                    ],
                    "rotation": 1.319999098777771,
                    "weight": [
                        0,
                        0,
                        0,
                        0
                    ],
                    "weightHard": false,
                    "weightScale": [
                        1,
                        1,
                        1
                    ],
                    "mirrored": false,
                    "twinId": 0,
                    "pathable": true,
                    "flooded": false,
                    "mergeable": false,
                    "no_features": false
                },
                {
                    "proj": "BP_Bend",
                    "spec": "/pa/terrain/lava/brushes/lava_t3_small_2_ramp.json",
                    "height": 647.7688598632812,
                    "op": "BO_Add",
                    "position": [
                        -321.4183654785156,
                        73.01898956298828,
                        557.6405029296875
                    ],
                    "transform": [
                        0.2517913579940796,
                        -0.8580790162086487,
                        -0.5110787749290466,
                        -321.4183654785156,
                        0.9986464977264404,
                        0.22388552129268646,
                        0.11610554903745651,
                        73.01898956298828,
                        -0.014364480972290039,
                        0.5239042639732361,
                        -0.886689305305481,
                        -557.6405639648438
                    ],
                    "scale": [
                        1.0299999713897705,
                        1.0299999713897705,
                        1.0299999713897705
                    ],
                    "rotation": 1.319999098777771,
                    "weight": [
                        0,
                        0,
                        0,
                        0
                    ],
                    "weightHard": false,
                    "weightScale": [
                        1,
                        1,
                        1
                    ],
                    "mirrored": true,
                    "twinId": 0,
                    "pathable": true,
                    "flooded": false,
                    "mergeable": false,
                    "no_features": false
                },
                {
                    "proj": "BP_Bend",
                    "spec": "/pa/terrain/lava/brushes/lava_volcano_05.json",
                    "height": 647.884033203125,
                    "op": "BO_Add",
                    "position": [
                        -292.23516845703125,
                        184.0876922607422,
                        548.1460571289062
                    ],
                    "transform": [
                        0.8897888660430908,
                        0.0694252997636795,
                        -0.45106086134910583,
                        -292.2351379394531,
                        0.0694252997636795,
                        0.9562669396400452,
                        0.28413674235343933,
                        184.08766174316406,
                        0.45106086134910583,
                        -0.28413674235343933,
                        0.8460557460784912,
                        548.14599609375
                    ],
                    "scale": [
                        1,
                        1,
                        1
                    ],
                    "rotation": 0,
                    "weight": [
                        0,
                        0,
                        0,
                        0
                    ],
                    "weightHard": false,
                    "weightScale": [
                        1,
                        1,
                        1
                    ],
                    "mirrored": false,
                    "twinId": 0,
                    "pathable": false,
                    "flooded": false,
                    "mergeable": false,
                    "no_features": false
                },
                {
                    "proj": "BP_Bend",
                    "spec": "/pa/terrain/lava/brushes/lava_volcano_05.json",
                    "height": 647.884033203125,
                    "op": "BO_Add",
                    "position": [
                        -292.23516845703125,
                        184.0876922607422,
                        548.1460571289062
                    ],
                    "transform": [
                        0.8897888660430908,
                        0.0694252997636795,
                        -0.45106086134910583,
                        -292.2351379394531,
                        0.0694252997636795,
                        0.9562669396400452,
                        0.28413674235343933,
                        184.08766174316406,
                        -0.45106086134910583,
                        0.28413674235343933,
                        -0.8460557460784912,
                        -548.14599609375
                    ],
                    "scale": [
                        1,
                        1,
                        1
                    ],
                    "rotation": 0,
                    "weight": [
                        0,
                        0,
                        0,
                        0
                    ],
                    "weightHard": false,
                    "weightScale": [
                        1,
                        1,
                        1
                    ],
                    "mirrored": true,
                    "twinId": 0,
                    "pathable": false,
                    "flooded": false,
                    "mergeable": false,
                    "no_features": false
                },
                {
                    "proj": "BP_Bend",
                    "spec": "/pa/terrain/lava/brushes/lava_volcano_05.json",
                    "height": 648.3272094726562,
                    "op": "BO_Add",
                    "position": [
                        -375.4583740234375,
                        -18.323822021484375,
                        528.2266845703125
                    ],
                    "transform": [
                        0.8151934146881104,
                        -0.00901927798986435,
                        -0.5791186690330505,
                        -375.4584045410156,
                        -0.00901927798986435,
                        0.9995598196983337,
                        -0.028263229876756668,
                        -18.323820114135742,
                        0.5791186690330505,
                        0.028263229876756668,
                        0.8147531747817993,
                        528.2266235351562
                    ],
                    "scale": [
                        1,
                        1,
                        1
                    ],
                    "rotation": 0,
                    "weight": [
                        0,
                        0,
                        0,
                        0
                    ],
                    "weightHard": false,
                    "weightScale": [
                        1,
                        1,
                        1
                    ],
                    "mirrored": false,
                    "twinId": 0,
                    "pathable": false,
                    "flooded": false,
                    "mergeable": false,
                    "no_features": false
                },
                {
                    "proj": "BP_Bend",
                    "spec": "/pa/terrain/lava/brushes/lava_volcano_05.json",
                    "height": 648.3272094726562,
                    "op": "BO_Add",
                    "position": [
                        -375.4583740234375,
                        -18.323822021484375,
                        528.2266845703125
                    ],
                    "transform": [
                        0.8151934146881104,
                        -0.00901927798986435,
                        -0.5791186690330505,
                        -375.45843505859375,
                        -0.00901927798986435,
                        0.9995598196983337,
                        -0.028263229876756668,
                        -18.323820114135742,
                        -0.5791186690330505,
                        -0.028263229876756668,
