{
    "name": "Burma 1vs1 System",
    "description": "1 vs 1 system.Fight for Earth and expand for moon if you want more!",
    "creator": "GreatBalancer",
    "version": "1.0",
    "planets": [
        {
            "name": "Flanker 9",
            "mass": 36504,
            "position_x": 31700,
            "position_y": -1599.998046875,
            "velocity_x": 6.326834201812744,
            "velocity_y": 125.35066223144531,
            "required_thrust_to_move": 0,
            "starting_planet": true,
            "respawn": false,
            "start_destroyed": false,
            "min_spawn_delay": 0,
            "max_spawn_delay": 0,
            "planet": {
                "seed": 1233870592,
                "radius": 525,
                "heightRange": 35,
                "waterHeight": 31,
                "waterDepth": 100,
                "temperature": 50,
                "metalDensity": 0,
                "metalClusters": 0,
                "metalSpotLimit": -1,
                "biomeScale": 50,
                "biome": "earth",
                "symmetryType": "terrain and CSG",
                "symmetricalMetal": true,
                "symmetricalStarts": false,
                "numArmies": 2,
                "landingZonesPerArmy": 0,
                "landingZoneSize": 0,
                "heightAdjustments": []
            },
            "planetCSG": [
                {
                    "proj": "BP_Bend",
                    "spec": "/pa/terrain/ice/brushes/ice_cliff_09.json",
                    "height": 524.6947021484375,
                    "op": "BO_Add",
                    "position": [
                        -24.88808822631836,
                        165.28692626953125,
                        497.3583679199219
                    ],
                    "transform": [
                        -0.8272327184677124,
                        0.3255825936794281,
                        -0.04221579432487488,
                        -24.888090133666992,
                        -0.3217044770717621,
                        -0.7810266613960266,
                        0.2803637981414795,
                        165.2869415283203,
                        0.06551674753427505,
                        0.27585065364837646,
                        0.8436315059661865,
                        497.3583679199219
                    ],
                    "scale": [
                        0.8900001049041748,
                        0.8900001049041748,
                        0.8900001049041748
                    ],
                    "rotation": 3.5242323875427246,
                    "weight": [
                        1,
                        1,
                        1,
                        1
                    ],
                    "weightHard": true,
                    "weightScale": [
                        2,
                        2,
                        2
                    ],
                    "mirrored": false,
                    "twinId": 1,
                    "pathable": false,
                    "flooded": false,
                    "mergeable": false,
                    "no_features": false
                },
                {
                    "proj": "BP_Bend",
                    "spec": "/pa/terrain/ice/brushes/ice_cliff_10.json",
                    "height": 522.8915405273438,
                    "op": "BO_Add",
                    "position": [
                        -102.01107788085938,
                        -4.0260651664727684e-14,
                        512.8443603515625
                    ],
                    "transform": [
                        -0.17594783008098602,
                        0.9648742079734802,
                        -0.19509029388427734,
                        -102.01106262207031,
                        -0.9837771654129028,
                        -0.17939484119415283,
                        -7.699616840814276e-17,
                        -4.0260644888464106e-14,
                        -0.03499819338321686,
                        0.19192537665367126,
                        0.9807853102684021,
                        512.8443603515625
                    ],
                    "scale": [
                        1,
                        1,
                        1
                    ],
                    "rotation": 4.532017707824707,
                    "weight": [
                        1,
                        1,
                        1,
                        1
                    ],
                    "weightHard": true,
                    "weightScale": [
                        2,
                        2,
                        2
                    ],
                    "mirrored": false,
                    "twinId": 2,
                    "pathable": false,
                    "flooded": false,
                    "mergeable": false,
                    "no_features": false
                },
                {
                    "proj": "BP_Bend",
                    "spec": "/pa/terrain/ice/brushes/ice_cliff_04.json",
                    "height": 527.6463012695312,
                    "op": "BO_Add",
                    "position": [
                        -50.94734191894531,
                        -112.51769256591797,
                        512.986083984375
                    ],
                    "transform": [
                        0.6606391072273254,
                        0.7444682717323303,
                        -0.09655585885047913,
                        -50.94734191894531,
                        -0.7443258166313171,
                        0.6328552961349487,
                        -0.21324455738067627,
                        -112.5177001953125,
                        -0.09764792025089264,
                        0.21274670958518982,
                        0.9722158908843994,
                        512.9861450195312
                    ],
                    "scale": [
                        1,
                        1,
                        1
                    ],
                    "rotation": 5.427708148956299,
                    "weight": [
                        1,
                        1,
                        1,
                        1
                    ],
                    "weightHard": false,
                    "weightScale": [
                        6,
                        6,
                        6
                    ],
                    "mirrored": false,
                    "twinId": 3,
                    "pathable": false,
                    "flooded": false,
                    "mergeable": false,
                    "no_features": false
                },
                {
                    "proj": "BP_Bend",
                    "spec": "/pa/terrain/ice/brushes/ice_cliff_04.json",
                    "height": 522.8997192382812,
                    "op": "BO_Add",
                    "position": [
                        174.73089599609375,
                        79.7284164428711,
                        486.35028076171875
                    ],
                    "transform": [
                        0.2557149827480316,
                        0.9071651697158813,
                        0.3341575860977173,
                        174.7309112548828,
                        -0.9644802808761597,
                        0.2157069593667984,
                        0.15247364342212677,
                        79.72842407226562,
                        0.0662386566400528,
                        -0.3612782061100006,
                        0.9301024079322815,
                        486.35028076171875
                    ],
                    "scale": [
                        1,
                        1,
                        1
                    ],
                    "rotation": 4.959132194519043,
                    "weight": [
                        1,
                        1,
                        1,
                        1
                    ],
                    "weightHard": false,
                    "weightScale": [
                        6,
                        6,
                        6
                    ],
                    "mirrored": false,
                    "twinId": 4,
                    "pathable": false,
                    "flooded": false,
                    "mergeable": false,
                    "no_features": false
                },
                {
                    "proj": "BP_Bend",
                    "spec": "/pa/terrain/ice/brushes/ice_cliff_04.json",
                    "height": 529.45947265625,
                    "op": "BO_Add",
                    "position": [
                        25.88172149658203,
                        57.31185531616211,
                        525.7117309570312
                    ],
                    "transform": [
                        0.9791386723518372,
                        -0.19722582399845123,
                        0.04888329654932022,
                        25.881725311279297,
                        0.19110539555549622,
                        0.9755827188491821,
                        0.10824596881866455,
                        57.31185531616211,
                        -0.06903859972953796,
                        -0.09664595127105713,
                        0.9929215908050537,
                        525.7117309570312
                    ],
                    "scale": [
                        1,
                        1,
                        1
                    ],
                    "rotation": 0.1961098611354828,
                    "weight": [
                        1,
                        1,
                        1,
                        1
                    ],
                    "weightHard": false,
                    "weightScale": [
                        6,
                        6,
                        6
                    ],
                    "mirrored": false,
                    "twinId": 5,
                    "pathable": false,
                    "flooded": false,
                    "mergeable": false,
                    "no_features": false
                },
                {
                    "proj": "BP_Bend",
                    "spec": "/pa/terrain/ice/brushes/ice_cliff_03.json",
                    "height": 530.4103393554688,
                    "op": "BO_Add",
                    "position": [
                        102.61557006835938,
                        -84.1848373413086,
                        513.534912109375
                    ],
                    "transform": [
                        -0.44491514563560486,
                        0.8744267225265503,
                        0.1934644877910614,
                        102.61556243896484,
                        -0.8937181830406189,
                        -0.4196152091026306,
                        -0.15871642529964447,
                        -84.18482971191406,
                        -0.05760524421930313,
                        -0.24351805448532104,
                        0.9681841731071472,
                        513.534912109375
                    ],
                    "scale": [
                        1,
                        1,
                        1
                    ],
                    "rotation": 4.257622241973877,
                    "weight": [
                        1,
                        1,
                        1,
                        1
                    ],
                    "weightHard": false,
                    "weightScale": [
                        5,
                        5,
                        5
                    ],
                    "mirrored": false,
                    "twinId": 7,
                    "pathable": false,
                    "flooded": false,
                    "mergeable": false,
                    "no_features": false
                },
                {
                    "proj": "BP_Bend",
                    "spec": "/pa/terrain/ice/brushes/ice_cliff_01.json",
                    "height": 522.2340698242188,
                    "op": "BO_Add",
                    "position": [
                        -126.89253234863281,
                        -3.976913877422675e-14,
                        506.5833740234375
                    ],
                    "transform": [
                        0.528457760810852,
                        -0.8134452104568481,
                        -0.24298018217086792,
                        -126.89253234863281,
                        0.8385762572288513,
                        0.5447842478752136,
                        -7.615193464008134e-17,
                        -3.976913538609496e-14,
                        0.13237176835536957,
                        -0.2037574052810669,
                        0.9700312614440918,
                        506.5833740234375
                    ],
                    "scale": [
                        1,
                        1,
                        1
                    ],
                    "rotation": 0.9946644902229309,
                    "weight": [
                        1,
                        1,
                        1,
                        1
                    ],
                    "weightHard": false,
                    "weightScale": [
                        4,
                        4,
                        4
                    ],
                    "mirrored": false,
                    "twinId": 8,
                    "pathable": false,
                    "flooded": false,
                    "mergeable": false,
                    "no_features": false
                },
                {
                    "proj": "BP_Bend",
                    "spec": "/pa/terrain/desert/brushes/desert_plateau_01.json",
                    "height": 515.0960083007812,
                    "op": "BO_Add",
                    "position": [
                        453.7147521972656,
                        242.60459899902344,
                        24.69482421875
                    ],
                    "transform": [
                        -0.29889994859695435,
                        -0.4254513084888458,
                        0.9674056172370911,
                        453.7146911621094,
                        0.644270658493042,
                        0.7235755920410156,
                        0.5172789096832275,
                        242.60459899902344,
                        -0.8377337455749512,
                        0.7082748413085938,
                        0.05265415459871292,
                        24.69487762451172
                    ],
                    "scale": [
                        1.0982822179794312,
                        1.0982822179794312,
                        1.0982822179794312
                    ],
                    "rotation": 1.1928820610046387,
                    "weight": [
                        1,
                        1,
                        1,
                        1
                    ],
                    "weightHard": false,
                    "weightScale": [
                        1,
                        1,
                        1
                    ],
                    "mirrored": false,
                    "twinId": 9,
                    "pathable": false,
                    "flooded": false,
                    "mergeable": false,
                    "no_features": false
                },
                {
                    "proj": "BP_Bend",
                    "spec": "/pa/terrain/desert/brushes/desert_plateau_01.json",
                    "height": 515.5771484375,
                    "op": "BO_Add",
                    "position": [
                        514.1962280273438,
                        25.27437400817871,
                        27.98671531677246
                    ],
                    "transform": [
                        -0.0724070742726326,
                        0.03353946655988693,
                        1.0880826711654663,
                        514.1961669921875,
                        0.32140183448791504,
                        -1.0412167310714722,
                        0.05348271504044533,
                        25.274372100830078,
                        1.0400718450546265,
                        0.32409045100212097,
                        0.0592222660779953,
                        27.986717224121094
                    ],
                    "scale": [
                        1.0910049676895142,
                        1.0910049676895142,
                        1.0910049676895142
                    ],
                    "rotation": 2.8886380195617676,
                    "weight": [
                        1,
                        1,
                        1,
                        1
                    ],
                    "weightHard": false,
                    "weightScale": [
                        1,
                        1,
                        1
                    ],
                    "mirrored": false,
                    "twinId": 10,
                    "pathable": false,
                    "flooded": false,
                    "mergeable": false,
                    "no_features": false
                },
                {
                    "proj": "BP_Bend",
                    "spec": "/pa/terrain/desert/brushes/desert_plateau_02.json",
                    "height": 530.18994140625,
                    "op": "BO_Add",
                    "position": [
                        -517.8788452148438,
                        9.01338262381847e-14,
                        113.59086608886719
                    ],
                    "transform": [
                        -0.024658072739839554,
                        -0.22523456811904907,
                        -1.033015489578247,
                        -517.8787841796875,
                        1.0512913465499878,
                        -0.11509253829717636,
                        1.7979039282103014e-16,
                        9.013381946192112e-14,
                        -0.11242005974054337,
                        -1.026880145072937,
                        0.22658029198646545,
                        113.59087371826172
                    ],
                    "scale": [
                        1.057572603225708,
                        1.057572603225708,
                        1.057572603225708
                    ],
                    "rotation": 1.6798393726348877,
                    "weight": [
                        1,
                        1,
                        1,
                        1
                    ],
                    "weightHard": false,
                    "weightScale": [
                        1,
                        1,
                        1
                    ],
                    "mirrored": false,
                    "twinId": 11,
                    "pathable": false,
                    "flooded": false,
                    "mergeable": false,
                    "no_features": false
                },
                {
                    "proj": "BP_Bend",
                    "spec": "/pa/terrain/desert/brushes/desert_plateau_02.json",
                    "height": 514.1752319335938,
                    "op": "BO_Add",
                    "position": [
                        486.630126953125,
                        98.0057144165039,
                        134.0231475830078
                    ],
                    "transform": [
                        0.26763442158699036,
                        0.10122986137866974,
                        0.838647186756134,
                        486.63018798828125,
                        -0.7160674333572388,
                        0.4938872456550598,
                        0.16890080273151398,
                        98.00572967529297,
                        -0.44813382625579834,
                        -0.7287198901176453,
                        0.2309722602367401,
                        134.0230712890625
                    ],
                    "scale": [
                        0.886117696762085,
                        0.886117696762085,
                        0.886117696762085
                    ],
                    "rotation": 5.462474346160889,
                    "weight": [
                        1,
                        1,
                        1,
                        1
                    ],
                    "weightHard": false,
                    "weightScale": [
                        1,
                        1,
                        1
                    ],
                    "mirrored": false,
                    "twinId": 12,
                    "pathable": false,
                    "flooded": false,
                    "mergeable": false,
                    "no_features": false
                },
                {
                    "proj": "BP_Bend",
                    "spec": "/pa/terrain/desert/brushes/desert_plateau_11.json",
                    "height": 516.58544921875,
                    "op": "BO_Add",
                    "position": [
                        513.5427856445312,
                        4.077405188658567e-14,
                        55.9852294921875
                    ],
                    "transform": [
                        -0.0839579626917839,
                        -0.06852951645851135,
                        0.9941101670265198,
                        513.5428466796875,
                        0.6323344111442566,
                        -0.7746955752372742,
                        7.892993800927942e-17,
                        4.077405866284925e-14,
                        0.7701327204704285,
                        0.6286100745201111,
                        0.1083754301071167,
                        55.98516845703125
                    ],
                    "scale": [
                        1,
                        1,
                        1
                    ],
                    "rotation": 2.4570298194885254,
                    "weight": [
                        1,
                        1,
                        1,
                        1
                    ],
                    "weightHard": false,
                    "weightScale": [
                        1,
                        1,
                        1
                    ],
                    "mirrored": false,
                    "twinId": 13,
                    "pathable": false,
                    "flooded": false,
                    "mergeable": false,
                    "no_features": false
                },
                {
                    "proj": "BP_Bend",
                    "spec": "/pa/terrain/ice/brushes/ice_cliff_09.json",
                    "height": 524.6947021484375,
                    "op": "BO_Add",
                    "position": [
                        -24.88808822631836,
                        165.28692626953125,
                        497.3583679199219
                    ],
                    "transform": [
                        -0.8272327184677124,
                        0.3255825936794281,
                        -0.04221579432487488,
                        -24.888090133666992,
                        -0.3217044770717621,
                        -0.7810266613960266,
                        0.2803637981414795,
                        165.28692626953125,
                        -0.06551674753427505,
                        -0.27585065364837646,
                        -0.8436315059661865,
                        -497.3583679199219
                    ],
                    "scale": [
                        0.8900001049041748,
                        0.8900001049041748,
                        0.8900001049041748
                    ],
                    "rotation": 3.5242323875427246,
                    "weight": [
                        1,
                        1,
                        1,
                        1
                    ],
                    "weightHard": true,
                    "weightScale": [
                        2,
                        2,
                        2
                    ],
                    "mirrored": true,
                    "twinId": 1,
                    "pathable": false,
                    "flooded": false,
                    "mergeable": false,
                    "no_features": false
                },
                {
                    "proj": "BP_Bend",
                    "spec": "/pa/terrain/ice/brushes/ice_cliff_10.json",
                    "height": 522.8915405273438,
                    "op": "BO_Add",
                    "position": [
                        -102.01107788085938,
                        -4.0260651664727684e-14,
                        512.8443603515625
                    ],
                    "transform": [
                        -0.17594783008098602,
                        0.9648742079734802,
                        -0.19509029388427734,
                        -102.01106262207031,
                        -0.9837771654129028,
                        -0.17939484119415283,
                        -7.699616840814276e-17,
                        -4.0260644888464106e-14,
                        0.03499819338321686,
                        -0.19192537665367126,
                        -0.9807853102684021,
                        -512.8443603515625
                    ],
                    "scale": [
                        1,
                        1,
                        1
                    ],
                    "rotation": 4.532017707824707,
                    "weight": [
                        1,
                        1,
                        1,
                        1
                    ],
                    "weightHard": true,
                    "weightScale": [
                        2,
                        2,
                        2
                    ],
                    "mirrored": true,
                    "twinId": 2,
                    "pathable": false,
                    "flooded": false,
                    "mergeable": false,
                    "no_features": false
                },
                {
                    "proj": "BP_Bend",
                    "spec": "/pa/terrain/ice/brushes/ice_cliff_04.json",
                    "height": 527.6463012695312,
                    "op": "BO_Add",
                    "position": [
                        -50.94734191894531,
                        -112.51769256591797,
                        512.986083984375
                    ],
                    "transform": [
                        0.6606391072273254,
                        0.7444682717323303,
                        -0.09655585885047913,
                        -50.94733810424805,
                        -0.7443258166313171,
                        0.6328552961349487,
                        -0.21324455738067627,
                        -112.5177001953125,
                        0.09764792025089264,
                        -0.21274670958518982,
                        -0.9722158908843994,
                        -512.9861450195312
                    ],
                    "scale": [
                        1,
                        1,
                        1
                    ],
                    "rotation": 5.427708148956299,
                    "weight": [
                        1,
                        1,
                        1,
                        1
                    ],
                    "weightHard": false,
                    "weightScale": [
                        6,
                        6,
                        6
                    ],
                    "mirrored": true,
                    "twinId": 3,
                    "pathable": false,
                    "flooded": false,
                    "mergeable": false,
                    "no_features": false
                },
                {
                    "proj": "BP_Bend",
                    "spec": "/pa/terrain/ice/brushes/ice_cliff_04.json",
                    "height": 522.8997192382812,
                    "op": "BO_Add",
                    "position": [
                        174.73089599609375,
                        79.7284164428711,
                        486.35028076171875
                    ],
                    "transform": [
                        0.2557149827480316,
                        0.9071651697158813,
                        0.3341575860977173,
                        174.7309112548828,
                        -0.9644802808761597,
                        0.2157069593667984,
                        0.15247364342212677,
                        79.72842407226562,
                        -0.0662386566400528,
                        0.3612782061100006,
                        -0.9301024079322815,
                        -486.35028076171875
                    ],
                    "scale": [
                        1,
                        1,
                        1
                    ],
                    "rotation": 4.959132194519043,
                    "weight": [
                        1,
                        1,
                        1,
                        1
                    ],
                    "weightHard": false,
                    "weightScale": [
                        6,
                        6,
                        6
                    ],
                    "mirrored": true,
                    "twinId": 4,
                    "pathable": false,
                    "flooded": false,
                    "mergeable": false,
                    "no_features": false
                },
                {
                    "proj": "BP_Bend",
                    "spec": "/pa/terrain/ice/brushes/ice_cliff_04.json",
                    "height": 529.45947265625,
                    "op": "BO_Add",
                    "position": [
                        25.88172149658203,
                        57.31185531616211,
                        525.7117309570312
                    ],
                    "transform": [
                        0.9791386723518372,
                        -0.19722582399845123,
                        0.04888329654932022,
                        25.881725311279297,
                        0.19110539555549622,
                        0.9755827188491821,
                        0.10824596881866455,
                        57.31185531616211,
                        0.06903859972953796,
                        0.09664595127105713,
                        -0.9929215908050537,
                        -525.7117309570312
                    ],
                    "scale": [
                        1,
                        1,
                        1
                    ],
                    "rotation": 0.1961098611354828,
                    "weight": [
                        1,
                        1,
                        1,
                        1
                    ],
                    "weightHard": false,
                    "weightScale": [
                        6,
                        6,
                        6
                    ],
                    "mirrored": true,
                    "twinId": 5,
                    "pathable": false,
                    "flooded": false,
                    "mergeable": false,
                    "no_features": false
                },
                {
                    "proj": "BP_Bend",
                    "spec": "/pa/terrain/ice/brushes/ice_cliff_03.json",
                    "height": 530.4103393554688,
                    "op": "BO_Add",
                    "position": [
                        102.61557006835938,
                        -84.1848373413086,
                        513.534912109375
                    ],
                    "transform": [
                        -0.44491514563560486,
                        0.8744267225265503,
                        0.1934644877910614,
                        102.61556243896484,
                        -0.8937181830406189,
                        -0.4196152091026306,
                        -0.15871642529964447,
                        -84.18482208251953,
                        0.05760524421930313,
                        0.24351805448532104,
                        -0.9681841731071472,
                        -513.534912109375
                    ],
                    "scale": [
                        1,
                        1,
                        1
                    ],
                    "rotation": 4.257622241973877,
                    "weight": [
                        1,
                        1,
                        1,
                        1
                    ],
                    "weightHard": false,
                    "weightScale": [
                        5,
                        5,
                        5
                    ],
                    "mirrored": true,
                    "twinId": 7,
                    "pathable": false,
                    "flooded": false,
                    "mergeable": false,
                    "no_features": false
                },
                {
                    "proj": "BP_Bend",
                    "spec": "/pa/terrain/ice/brushes/ice_cliff_01.json",
                    "height": 522.2340698242188,
                    "op": "BO_Add",
                    "position": [
                        -126.89253234863281,
                        -3.976913877422675e-14,
                        506.5833740234375
                    ],
                    "transform": [
                        0.528457760810852,
                        -0.8134452104568481,
                        -0.24298018217086792,
                        -126.89253997802734,
                        0.8385762572288513,
                        0.5447842478752136,
                        -7.615193464008134e-17,
                        -3.976913538609496e-14,
                        -0.13237176835536957,
                        0.2037574052810669,
                        -0.9700312614440918,
                        -506.5833740234375
                    ],
                    "scale": [
                        1,
                        1,
                        1
                    ],
                    "rotation": 0.9946644902229309,
                    "weight": [
                        1,
                        1,
                        1,
                        1
                    ],
                    "weightHard": false,
                    "weightScale": [
                        4,
                        4,
                        4
                    ],
                    "mirrored": true,
                    "twinId": 8,
                    "pathable": false,
                    "flooded": false,
                    "mergeable": false,
                    "no_features": false
                },
                {
                    "proj": "BP_Bend",
                    "spec": "/pa/terrain/desert/brushes/desert_plateau_01.json",
                    "height": 515.0960083007812,
                    "op": "BO_Add",
                    "position": [
                        453.7147521972656,
                        242.60459899902344,
                        24.69482421875
                    ],
                    "transform": [
                        -0.29889994859695435,
                        -0.4254513084888458,
                        0.9674056172370911,
                        453.7146911621094,
                        0.644270658493042,
                        0.7235755920410156,
                        0.5172789096832275,
                        242.60459899902344,
                        0.8377337455749512,
                        -0.7082748413085938,
                        -0.05265415459871292,
                        -24.69487762451172
                    ],
                    "scale": [
                        1.0982822179794312,
                        1.0982822179794312,
                        1.0982822179794312
                    ],
                    "rotation": 1.1928820610046387,
                    "weight": [
                        1,
                        1,
                        1,
                        1
                    ],
                    "weightHard": false,
                    "weightScale": [
                        1,
                        1,
                        1
                    ],
                    "mirrored": true,
                    "twinId": 9,
                    "pathable": false,
                    "flooded": false,
                    "mergeable": false,
                    "no_features": false
                },
                {
                    "proj": "BP_Bend",
                    "spec": "/pa/terrain/desert/brushes/desert_plateau_01.json",
                    "height": 515.5771484375,
                    "op": "BO_Add",
                    "position": [
                        514.1962280273438,
                        25.27437400817871,
                        27.98671531677246
                    ],
                    "transform": [
                        -0.0724070742726326,
                        0.03353946655988693,
                        1.0880826711654663,
                        514.1961669921875,
                        0.32140183448791504,
                        -1.0412167310714722,
                        0.05348271504044533,
                        25.274372100830078,
                        -1.0400718450546265,
                        -0.32409045100212097,
                        -0.0592222660779953,
                        -27.98671531677246
                    ],
                    "scale": [
                        1.0910049676895142,
                        1.0910049676895142,
                        1.0910049676895142
                    ],
                    "rotation": 2.8886380195617676,
                    "weight": [
                        1,
                        1,
                        1,
                        1
                    ],
                    "weightHard": false,
                    "weightScale": [
                        1,
                        1,
                        1
                    ],
                    "mirrored": true,
                    "twinId": 10,
                    "pathable": false,
                    "flooded": false,
                    "mergeable": false,
                    "no_features": false
                },
                {
                    "proj": "BP_Bend",
                    "spec": "/pa/terrain/desert/brushes/desert_plateau_02.json",
                    "height": 530.18994140625,
                    "op": "BO_Add",
                    "position": [
                        -517.8788452148438,
                        9.01338262381847e-14,
                        113.59086608886719
                    ],
                    "transform": [
                        -0.024658072739839554,
                        -0.22523456811904907,
                        -1.033015489578247,
                        -517.8787841796875,
                        1.0512913465499878,
                        -0.11509253829717636,
                        1.7979039282103014e-16,
                        9.013381946192112e-14,
                        0.11242005974054337,
                        1.026880145072937,
