{
    "name": "Demon's Mass 1vs1 System",
    "description": "1 vs 1 Lava planet.Fight for warm demon's place.",
    "creator": "GreatBalancer",
    "version": "1.0",
    "planets": [
        {
            "name": "Keina",
            "mass": 10000,
            "position_x": 30300,
            "position_y": -2900,
            "velocity_x": 12.210930824279785,
            "velocity_y": 127.5832290649414,
            "required_thrust_to_move": 0,
            "starting_planet": true,
            "respawn": false,
            "start_destroyed": false,
            "min_spawn_delay": 0,
            "max_spawn_delay": 0,
            "planet": {
                "seed": 852016512,
                "radius": 510,
                "heightRange": 0,
                "waterHeight": 51,
                "waterDepth": 0,
                "temperature": 100,
                "metalDensity": 0,
                "metalClusters": 62,
                "metalSpotLimit": -1,
                "biomeScale": 50,
                "biome": "lava",
                "symmetryType": "terrain and CSG",
                "symmetricalMetal": true,
                "symmetricalStarts": true,
                "numArmies": 2,
                "landingZonesPerArmy": 0,
                "landingZoneSize": 0,
                "heightAdjustments": []
            },
            "planetCSG": [
                {
                    "spec": "/pa/terrain/lava/brushes/lava_plateau_03.json",
                    "proj": "BP_Bend",
                    "op": "BO_Add",
                    "position": [
                        -148.99954223632812,
                        260.4595642089844,
                        415.8291931152344
                    ],
                    "height": 512.7903442382812,
                    "transform": [
                        -0.9274945855140686,
                        -0.1212119460105896,
                        -0.2840454578399658,
                        -148.9995574951172,
                        -0.04215161129832268,
                        -0.8410137891769409,
                        0.49652737379074097,
                        260.4595642089844,
                        -0.30593690276145935,
                        0.48334649205207825,
                        0.7927163243293762,
                        415.82916259765625
                    ],
                    "scale": [
                        0.9775583744049072,
                        0.9775583744049072,
                        0.9775583744049072
                    ],
                    "rotation": 3.0969178676605225,
                    "weight": [
                        0.75,
                        0.75,
                        0.75,
                        0.75
                    ],
                    "weightHard": true,
                    "weightScale": [
                        0.75,
                        0.75,
                        0.75
                    ],
                    "mirrored": false,
                    "twinId": 0,
                    "flooded": false,
                    "pathable": false,
                    "mergeable": false,
                    "no_features": false
                },
                {
                    "spec": "/pa/terrain/lava/brushes/lava_plateau_03.json",
                    "proj": "BP_Bend",
                    "op": "BO_Add",
                    "position": [
                        -148.99954223632812,
                        260.4595642089844,
                        415.8291931152344
                    ],
                    "height": 512.7903442382812,
                    "transform": [
                        -0.9274945855140686,
                        -0.1212119460105896,
                        -0.2840454578399658,
                        -148.9995574951172,
                        -0.04215161129832268,
                        -0.8410137891769409,
                        0.49652737379074097,
                        260.4595642089844,
                        0.30593690276145935,
                        -0.48334649205207825,
                        -0.7927163243293762,
                        -415.82916259765625
                    ],
                    "scale": [
                        0.9775583744049072,
                        0.9775583744049072,
                        0.9775583744049072
                    ],
                    "rotation": 3.0969178676605225,
                    "weight": [
                        0.75,
                        0.75,
                        0.75,
                        0.75
                    ],
                    "weightHard": true,
                    "weightScale": [
                        0.75,
                        0.75,
                        0.75
                    ],
                    "mirrored": true,
                    "twinId": 0,
                    "flooded": false,
                    "pathable": false,
                    "mergeable": false,
                    "no_features": false
                },
                {
                    "spec": "/pa/terrain/metal/brushes/metal_crater_01.json",
                    "proj": "BP_LongitudePinch",
                    "op": "BO_Subtract",
                    "position": [
                        -96.80636596679688,
                        501.1541748046875,
                        8.432308197021484
                    ],
                    "height": 510.4880676269531,
                    "transform": [
                        0.98182612657547,
                        0.007487475872039795,
                        -0.18963493406772614,
                        -96.8063735961914,
                        0.18947429955005646,
                        0.01826879382133484,
                        0.9817156791687012,
                        501.1541442871094,
                        0.010814979672431946,
                        -0.9998050332069397,
                        0.016518115997314453,
                        8.43230152130127
                    ],
                    "scale": [
                        1,
                        1,
                        1
                    ],
                    "rotation": 0.18000000715255737,
                    "weight": [
                        0,
                        0,
                        0,
                        0
                    ],
                    "weightHard": false,
                    "weightScale": [
                        1,
                        1,
                        1
                    ],
                    "mirrored": false,
                    "twinId": 0,
                    "flooded": false,
                    "pathable": false,
                    "mergeable": false,
                    "no_features": true
                },
                {
                    "spec": "/pa/terrain/metal/brushes/metal_crater_01.json",
                    "proj": "BP_LongitudePinch",
                    "op": "BO_Subtract",
                    "position": [
                        -96.80636596679688,
                        501.1541748046875,
                        8.432308197021484
                    ],
                    "height": 510.4880676269531,
                    "transform": [
                        0.98182612657547,
                        0.007487475872039795,
                        -0.18963493406772614,
                        -96.8063735961914,
                        0.18947429955005646,
                        0.01826879382133484,
                        0.9817156791687012,
                        501.15411376953125,
                        -0.010814979672431946,
                        0.9998050332069397,
                        -0.016518115997314453,
                        -8.43230152130127
                    ],
                    "scale": [
                        1,
                        1,
                        1
                    ],
                    "rotation": 0.18000000715255737,
                    "weight": [
                        0,
                        0,
                        0,
                        0
                    ],
                    "weightHard": false,
                    "weightScale": [
                        1,
                        1,
                        1
                    ],
                    "mirrored": true,
                    "twinId": 0,
                    "flooded": false,
                    "pathable": false,
                    "mergeable": false,
                    "no_features": true
                },
                {
                    "spec": "/pa/terrain/lava/brushes/lava_volcano_06.json",
                    "proj": "BP_Bend",
                    "op": "BO_Add",
                    "position": [
                        190.62049865722656,
                        472.21771240234375,
                        -33.33760070800781
                    ],
                    "height": 510.3304138183594,
                    "transform": [
                        0.8507288098335266,
                        -0.369784414768219,
                        0.3735237121582031,
                        190.62051391601562,
                        -0.369784414768219,
                        0.083945631980896,
                        0.9253175854682922,
                        472.21771240234375,
                        -0.3735237121582031,
                        -0.9253175854682922,
                        -0.06532549858093262,
                        -33.337589263916016
                    ],
                    "scale": [
                        1,
                        1,
                        1
                    ],
                    "rotation": 0,
                    "weight": [
                        0,
                        0,
                        0,
                        0
                    ],
                    "weightHard": false,
                    "weightScale": [
                        1,
                        1,
                        1
                    ],
                    "mirrored": false,
                    "twinId": 0,
                    "flooded": false,
                    "pathable": false,
                    "mergeable": false,
                    "no_features": false
                },
                {
                    "spec": "/pa/terrain/lava/brushes/lava_volcano_06.json",
                    "proj": "BP_Bend",
                    "op": "BO_Add",
                    "position": [
                        190.62049865722656,
                        472.21771240234375,
                        -33.33760070800781
                    ],
                    "height": 510.3304138183594,
                    "transform": [
                        0.8507288098335266,
                        -0.369784414768219,
                        0.3735237121582031,
                        190.62051391601562,
                        -0.369784414768219,
                        0.083945631980896,
                        0.9253175854682922,
                        472.21771240234375,
                        0.3735237121582031,
                        0.9253175854682922,
                        0.06532549858093262,
                        33.337589263916016
                    ],
                    "scale": [
                        1,
                        1,
                        1
                    ],
                    "rotation": 0,
                    "weight": [
                        0,
                        0,
                        0,
                        0
                    ],
                    "weightHard": false,
                    "weightScale": [
                        1,
                        1,
                        1
                    ],
                    "mirrored": true,
                    "twinId": 0,
                    "flooded": false,
                    "pathable": false,
                    "mergeable": false,
                    "no_features": false
                },
                {
                    "spec": "/pa/terrain/lava/brushes/lava_volcano_06.json",
                    "proj": "BP_Bend",
                    "op": "BO_Add",
                    "position": [
                        -374.98699951171875,
                        333.2327880859375,
                        -90.47642517089844
                    ],
                    "height": 509.7502746582031,
                    "transform": [
                        0.34207385778427124,
                        0.5846670866012573,
                        -0.7356287837028503,
                        -374.9869689941406,
                        0.5846670866012573,
                        0.4804346561431885,
                        0.6537176966667175,
                        333.2327880859375,
                        0.7356287837028503,
                        -0.6537176966667175,
                        -0.1774914264678955,
                        -90.47630310058594
                    ],
                    "scale": [
                        1,
                        1,
                        1
                    ],
                    "rotation": 0,
                    "weight": [
                        0,
                        0,
                        0,
                        0
                    ],
                    "weightHard": false,
                    "weightScale": [
                        1,
                        1,
                        1
                    ],
                    "mirrored": false,
                    "twinId": 0,
                    "flooded": false,
                    "pathable": false,
                    "mergeable": false,
                    "no_features": false
                },
                {
                    "spec": "/pa/terrain/lava/brushes/lava_volcano_06.json",
                    "proj": "BP_Bend",
                    "op": "BO_Add",
                    "position": [
                        -374.98699951171875,
                        333.2327880859375,
                        -90.47642517089844
                    ],
                    "height": 509.7502746582031,
                    "transform": [
                        0.34207385778427124,
                        0.5846670866012573,
                        -0.7356287837028503,
                        -374.9869689941406,
                        0.5846670866012573,
                        0.4804346561431885,
                        0.6537176966667175,
                        333.2327880859375,
                        -0.7356287837028503,
                        0.6537176966667175,
                        0.1774914264678955,
                        90.47630310058594
                    ],
                    "scale": [
                        1,
                        1,
                        1
                    ],
                    "rotation": 0,
                    "weight": [
                        0,
                        0,
                        0,
                        0
                    ],
                    "weightHard": false,
                    "weightScale": [
                        1,
                        1,
                        1
                    ],
                    "mirrored": true,
                    "twinId": 0,
                    "flooded": false,
                    "pathable": false,
                    "mergeable": false,
                    "no_features": false
                },
                {
                    "spec": "/pa/terrain/lava/brushes/lava_t2_medium_long.json",
                    "proj": "BP_Bend",
                    "op": "BO_Add",
                    "position": [
                        225.1741943359375,
                        427.045654296875,
                        160.57740783691406
                    ],
                    "height": 508.7794494628906,
                    "transform": [
                        0.6860477328300476,
                        0.5774633884429932,
                        0.4425772428512573,
                        225.17420959472656,
                        -0.5435805320739746,
                        0.0024999231100082397,
                        0.8393533229827881,
                        427.04571533203125,
                        0.4835893511772156,
                        -0.8164128065109253,
                        0.31561291217803955,
                        160.57736206054688
                    ],
                    "scale": [
                        1,
                        1,
                        1
                    ],
                    "rotation": -1.019999384880066,
                    "weight": [
                        0,
                        0,
                        0,
                        0
                    ],
                    "weightHard": false,
                    "weightScale": [
                        1,
                        1,
                        1
                    ],
                    "mirrored": false,
                    "twinId": 0,
                    "flooded": false,
                    "pathable": true,
                    "mergeable": false,
                    "no_features": false
                },
                {
                    "spec": "/pa/terrain/lava/brushes/lava_t2_medium_long.json",
                    "proj": "BP_Bend",
                    "op": "BO_Add",
                    "position": [
                        225.1741943359375,
                        427.045654296875,
                        160.57740783691406
                    ],
                    "height": 508.7794494628906,
                    "transform": [
                        0.6860477328300476,
                        0.5774633884429932,
                        0.4425772428512573,
                        225.17420959472656,
                        -0.5435805320739746,
                        0.0024999231100082397,
                        0.8393533229827881,
                        427.04571533203125,
                        -0.4835893511772156,
                        0.8164128065109253,
                        -0.31561291217803955,
                        -160.57736206054688
                    ],
                    "scale": [
                        1,
                        1,
                        1
                    ],
                    "rotation": -1.019999384880066,
                    "weight": [
                        0,
                        0,
                        0,
                        0
                    ],
                    "weightHard": false,
                    "weightScale": [
                        1,
                        1,
                        1
                    ],
                    "mirrored": true,
                    "twinId": 0,
                    "flooded": false,
                    "pathable": true,
                    "mergeable": false,
                    "no_features": false
                },
                {
                    "spec": "/pa/terrain/lava/brushes/lava_t2_medium_long.json",
                    "proj": "BP_Bend",
                    "op": "BO_Add",
                    "position": [
                        -438.01800537109375,
                        234.16033935546875,
                        110.58631896972656
                    ],
                    "height": 508.84197998046875,
                    "transform": [
                        -0.3051225543022156,
                        0.40730881690979004,
                        -0.8608134388923645,
                        -438.01800537109375,
                        -0.8084503412246704,
                        0.3669331669807434,
                        0.4601828157901764,
                        234.16033935546875,
                        0.5032975077629089,
                        0.8363370299339294,
                        0.21732938289642334,
                        110.58631134033203
                    ],
                    "scale": [
                        1,
                        1,
                        1
                    ],
                    "rotation": -1.5199989080429077,
                    "weight": [
                        0,
                        0,
                        0,
                        0
                    ],
                    "weightHard": false,
                    "weightScale": [
                        1,
                        1,
                        1
                    ],
                    "mirrored": false,
                    "twinId": 0,
                    "flooded": false,
                    "pathable": true,
                    "mergeable": false,
                    "no_features": false
                },
                {
                    "spec": "/pa/terrain/lava/brushes/lava_t2_medium_long.json",
                    "proj": "BP_Bend",
                    "op": "BO_Add",
                    "position": [
                        -438.01800537109375,
                        234.16033935546875,
                        110.58631896972656
                    ],
                    "height": 508.84197998046875,
                    "transform": [
                        -0.3051225543022156,
                        0.40730881690979004,
                        -0.8608134388923645,
                        -438.0179748535156,
                        -0.8084503412246704,
                        0.3669331669807434,
                        0.4601828157901764,
                        234.16033935546875,
                        -0.5032975077629089,
                        -0.8363370299339294,
                        -0.21732938289642334,
                        -110.58631134033203
                    ],
                    "scale": [
                        1,
                        1,
                        1
                    ],
                    "rotation": -1.5199989080429077,
                    "weight": [
                        0,
                        0,
                        0,
                        0
                    ],
                    "weightHard": false,
                    "weightScale": [
                        1,
                        1,
                        1
                    ],
                    "mirrored": true,
                    "twinId": 0,
                    "flooded": false,
                    "pathable": true,
                    "mergeable": false,
                    "no_features": false
                },
                {
                    "spec": "/pa/terrain/lava/brushes/lava_metal_t2_small_2_ramp.json",
                    "proj": "BP_Bend",
                    "op": "BO_Add",
                    "position": [
                        -433.666015625,
                        241.136474609375,
                        -112.36638641357422
                    ],
                    "height": 508.762451171875,
                    "transform": [
                        0.29541802406311035,
                        0.4935300648212433,
                        -0.937633216381073,
                        -433.666015625,
                        0.83515864610672,
                        0.4906017780303955,
                        0.5213633179664612,
                        241.136474609375,
                        0.6521028280258179,
                        -0.8519024848937988,
                        -0.2429484724998474,
                        -112.3664321899414
                    ],
                    "scale": [
                        1.0999999046325684,
                        1.0999999046325684,
                        1.0999999046325684
                    ],
                    "rotation": 0.40999987721443176,
                    "weight": [
                        0,
                        0,
                        0,
                        0
                    ],
                    "weightHard": false,
                    "weightScale": [
                        1,
                        1,
                        1
                    ],
                    "mirrored": false,
                    "twinId": 0,
                    "flooded": false,
                    "pathable": true,
                    "mergeable": false,
                    "no_features": true
                },
                {
                    "spec": "/pa/terrain/lava/brushes/lava_metal_t2_small_2_ramp.json",
                    "proj": "BP_Bend",
                    "op": "BO_Add",
                    "position": [
                        -433.666015625,
                        241.136474609375,
                        -112.36638641357422
                    ],
                    "height": 508.762451171875,
                    "transform": [
                        0.29541802406311035,
                        0.4935300648212433,
                        -0.937633216381073,
                        -433.6660461425781,
                        0.83515864610672,
                        0.4906017780303955,
                        0.5213633179664612,
                        241.13648986816406,
                        -0.6521028280258179,
                        0.8519024848937988,
                        0.2429484724998474,
                        112.36643981933594
                    ],
                    "scale": [
                        1.0999999046325684,
                        1.0999999046325684,
                        1.0999999046325684
                    ],
                    "rotation": 0.40999987721443176,
                    "weight": [
                        0,
                        0,
                        0,
                        0
                    ],
                    "weightHard": false,
                    "weightScale": [
                        1,
                        1,
                        1
                    ],
                    "mirrored": true,
                    "twinId": 0,
                    "flooded": false,
                    "pathable": true,
                    "mergeable": false,
                    "no_features": true
                },
                {
                    "spec": "/pa/terrain/lava/brushes/lava_metal_t2_small_2_ramp.json",
                    "proj": "BP_Bend",
                    "op": "BO_Add",
                    "position": [
                        247.16152954101562,
                        436.290283203125,
                        -87.56524658203125
                    ],
                    "height": 509.0242614746094,
                    "transform": [
                        0.8962591290473938,
                        -0.4357926845550537,
                        0.5535376667976379,
                        247.16152954101562,
                        -0.5861716270446777,
                        0.03557531535625458,
                        0.9771063923835754,
                        436.290283203125,
                        -0.39079663157463074,
                        -1.0528147220611572,
                        -0.19610938429832458,
                        -87.5653076171875
                    ],
                    "scale": [
                        1.1399998664855957,
                        1.1399998664855957,
                        1.1399998664855957
                    ],
                    "rotation": -0.1599999964237213,
                    "weight": [
                        0,
                        0,
                        0,
                        0
                    ],
                    "weightHard": false,
                    "weightScale": [
                        1,
                        1,
                        1
                    ],
                    "mirrored": false,
                    "twinId": 0,
                    "flooded": false,
                    "pathable": true,
                    "mergeable": false,
                    "no_features": true
                },
                {
                    "spec": "/pa/terrain/lava/brushes/lava_metal_t2_small_2_ramp.json",
                    "proj": "BP_Bend",
                    "op": "BO_Add",
                    "position": [
                        247.16152954101562,
                        436.290283203125,
                        -87.56524658203125
                    ],
                    "height": 509.0242614746094,
                    "transform": [
                        0.8962591290473938,
                        -0.4357926845550537,
                        0.5535376667976379,
                        247.16152954101562,
                        -0.5861716270446777,
                        0.03557531535625458,
                        0.9771063923835754,
                        436.290283203125,
                        0.39079663157463074,
                        1.0528147220611572,
                        0.19610938429832458,
                        87.5653076171875
                    ],
                    "scale": [
                        1.1399998664855957,
                        1.1399998664855957,
                        1.1399998664855957
                    ],
                    "rotation": -0.1599999964237213,
                    "weight": [
                        0,
                        0,
                        0,
                        0
                    ],
                    "weightHard": false,
                    "weightScale": [
                        1,
                        1,
                        1
                    ],
                    "mirrored": true,
                    "twinId": 0,
                    "flooded": false,
                    "pathable": true,
                    "mergeable": false,
                    "no_features": true
                },
                {
                    "spec": "/pa/terrain/lava/brushes/lava_plateau_09.json",
                    "proj": "BP_Bend",
                    "op": "BO_Add",
                    "position": [
                        115.3294906616211,
                        468.06805419921875,
                        -167.61016845703125
                    ],
                    "height": 510.3741455078125,
                    "transform": [
                        0.9239678978919983,
                        -0.30857840180397034,
                        0.22597047686576843,
                        115.3294906616211,
                        -0.30857840180397034,
                        -0.25237441062927246,
                        0.9171077013015747,
                        468.06805419921875,
                        -0.22597047686576843,
                        -0.9171077013015747,
                        -0.3284064531326294,
                        -167.61016845703125
                    ],
                    "scale": [
                        1,
                        1,
                        1
                    ],
                    "rotation": 0,
                    "weight": [
                        0,
                        0,
                        0,
                        0
                    ],
                    "weightHard": false,
                    "weightScale": [
                        1,
                        1,
                        1
                    ],
                    "mirrored": false,
                    "twinId": 0,
                    "flooded": false,
                    "pathable": false,
                    "mergeable": false,
                    "no_features": false
                },
                {
                    "spec": "/pa/terrain/lava/brushes/lava_plateau_09.json",
                    "proj": "BP_Bend",
                    "op": "BO_Add",
                    "position": [
                        115.3294906616211,
                        468.06805419921875,
                        -167.61016845703125
                    ],
                    "height": 510.3741455078125,
                    "transform": [
                        0.9239678978919983,
                        -0.30857840180397034,
                        0.22597047686576843,
                        115.3294906616211,
                        -0.30857840180397034,
                        -0.25237441062927246,
                        0.9171077013015747,
                        468.06805419921875,
                        0.22597047686576843,
                        0.9171077013015747,
                        0.3284064531326294,
                        167.6101837158203
                    ],
                    "scale": [
                        1,
                        1,
                        1
                    ],
                    "rotation": 0,
                    "weight": [
                        0,
                        0,
                        0,
                        0
                    ],
                    "weightHard": false,
                    "weightScale": [
                        1,
                        1,
                        1
                    ],
                    "mirrored": true,
                    "twinId": 0,
                    "flooded": false,
                    "pathable": false,
                    "mergeable": false,
                    "no_features": false
                },
                {
                    "spec": "/pa/terrain/lava/brushes/lava_plateau_08.json",
                    "proj": "BP_Bend",
                    "op": "BO_Add",
                    "position": [
                        -412.4530029296875,
                        298.1413879394531,
                        -32.88953399658203
                    ],
                    "height": 509.98773193359375,
                    "transform": [
                        0.30083221197128296,
                        0.5053930282592773,
                        -0.8087507486343384,
                        -412.4529724121094,
                        0.5053930282592773,
                        0.634676992893219,
                        0.5846049785614014,
                        298.141357421875,
                        0.8087507486343384,
                        -0.5846049785614014,
                        -0.06449079513549805,
                        -32.8895149230957
                    ],
                    "scale": [
                        1,
                        1,
                        1
                    ],
                    "rotation": 0,
                    "weight": [
                        0,
                        0,
                        0,
                        0
                    ],
                    "weightHard": false,
                    "weightScale": [
                        1,
                        1,
                        1
                    ],
                    "mirrored": false,
                    "twinId": 0,
                    "flooded": false,
                    "pathable": false,
                    "mergeable": false,
                    "no_features": false
                },
                {
                    "spec": "/pa/terrain/lava/brushes/lava_plateau_08.json",
                    "proj": "BP_Bend",
                    "op": "BO_Add",
                    "position": [
                        -412.4530029296875,
                        298.1413879394531,
                        -32.88953399658203
                    ],
                    "height": 509.98773193359375,
                    "transform": [
                        0.30083221197128296,
                        0.5053930282592773,
                        -0.8087507486343384,
                        -412.4529724121094,
                        0.5053930282592773,
                        0.634676992893219,
                        0.5846049785614014,
                        298.141357421875,
                        -0.8087507486343384,
                        0.5846049785614014,
                        0.06449079513549805,
                        32.8895149230957
                    ],
                    "scale": [
                        1,
                        1,
                        1
                    ],
                    "rotation": 0,
                    "weight": [
                        0,
                        0,
                        0,
                        0
                    ],
                    "weightHard": false,
                    "weightScale": [
                        1,
                        1,
                        1
                    ],
                    "mirrored": true,
                    "twinId": 0,
                    "flooded": false,
                    "pathable": false,
                    "mergeable": false,
                    "no_features": false
                },
                {
                    "spec": "/pa/terrain/lava/brushes/lava_plateau_08.json",
                    "proj": "BP_Bend",
                    "op": "BO_Add",
                    "position": [
                        394.3907470703125,
                        320.29510498046875,
                        27.79217529296875
                    ],
                    "height": 508.8274841308594,
                    "transform": [
                        0.4303392171859741,
                        -0.4626365602016449,
                        0.7750972509384155,
                        394.3907775878906,
                        -0.4626365602016449,
                        0.6242806911468506,
                        0.6294769048690796,
                        320.2951354980469,
                        -0.7750972509384155,
                        -0.6294769048690796,
                        0.05461990833282471,
                        27.792110443115234
                    ],
                    "scale": [
                        1,
                        1,
                        1
                    ],
                    "rotation": 0,
                    "weight": [
                        0,
                        0,
                        0,
                        0
                    ],
                    "weightHard": false,
                    "weightScale": [
                        1,
                        1,
                        1
                    ],
                    "mirrored": false,
                    "twinId": 0,
                    "flooded": false,
                    "pathable": false,
                    "mergeable": false,
                    "no_features": false
                },
                {
                    "spec": "/pa/terrain/lava/brushes/lava_plateau_08.json",
                    "proj": "BP_Bend",
                    "op": "BO_Add",
                    "position": [
                        394.3907470703125,
                        320.29510498046875,
                        27.79217529296875
                    ],
                    "height": 508.8274841308594,
                    "transform": [
                        0.4303392171859741,
                        -0.4626365602016449,
                        0.7750972509384155,
                        394.39080810546875,
                        -0.4626365602016449,
                        0.6242806911468506,
                        0.6294769048690796,
                        320.295166015625,
                        0.7750972509384155,
                        0.6294769048690796,
                        -0.05461990833282471,
                        -27.792112350463867
                    ],
                    "scale": [
                        1,
                        1,
                        1
                    ],
