{
    "name": "Devil's Prison 4P System",
    "description": "4 player FFA or 2 vs 2 Land-Naval map. This is a Hell place.",
    "creator": "GreatBalancer",
    "version": "1.0",
    "planets": [
        {
            "name": "Devil's Prison",
            "mass": 20000,
            "position_x": 30200,
            "position_y": 100,
            "velocity_x": -0.4260658323764801,
            "velocity_y": 128.67018127441406,
            "required_thrust_to_move": 0,
            "starting_planet": true,
            "respawn": false,
            "start_destroyed": false,
            "min_spawn_delay": 0,
            "max_spawn_delay": 0,
            "planet": {
                "seed": 453760608,
                "radius": 700,
                "heightRange": 28,
                "waterHeight": 85,
                "waterDepth": 24,
                "temperature": 63,
                "metalDensity": 0,
                "metalClusters": 104.99999237060547,
                "metalSpotLimit": -1,
                "biomeScale": 50,
                "biome": "alienred",
                "symmetryType": "none",
                "symmetricalMetal": false,
                "symmetricalStarts": false,
                "numArmies": 2,
                "landingZonesPerArmy": 0,
                "landingZoneSize": 0,
                "heightAdjustments": []
            },
            "planetCSG": [
                {
                    "proj": "BP_Bend",
                    "spec": "/pa/terrain/lava/brushes/lava_metal_t1_large_8_ramp.json",
                    "height": 725.6478271484375,
                    "op": "BO_Add",
                    "position": [
                        -8.235610961914062,
                        94.99653625488281,
                        719.355712890625
                    ],
                    "transform": [
                        1.8597720861434937,
                        0.019986191764473915,
                        -0.021109730005264282,
                        -8.235610961914062,
                        -0.01705189235508442,
                        1.843912959098816,
                        0.2434975504875183,
                        94.99652862548828,
                        0.02354361116886139,
                        -0.2432742863893509,
                        1.843870997428894,
                        719.355712890625
                    ],
                    "scale": [
                        1.859999179840088,
                        1.859999179840088,
                        1.859999179840088
                    ],
                    "rotation": -0.009999999776482582,
                    "weight": [
                        0,
                        0,
                        0,
                        0
                    ],
                    "weightHard": false,
                    "weightScale": [
                        1,
                        1,
                        1
                    ],
                    "mirrored": false,
                    "twinId": 0,
                    "pathable": true,
                    "flooded": false,
                    "mergeable": false,
                    "no_features": true
                },
                {
                    "proj": "BP_Bend",
                    "spec": "/pa/terrain/lava/brushes/lava_metal_t3_medium_2_ramp.json",
                    "height": 725.7378540039062,
                    "op": "BO_Add",
                    "position": [
                        -415.3306884765625,
                        -357.44293212890625,
                        475.8470458984375
                    ],
                    "transform": [
                        1.157151460647583,
                        0.61851966381073,
                        -0.9156596064567566,
                        -415.3306579589844,
                        -1.0880616903305054,
                        0.8689749240875244,
                        -0.7880371809005737,
                        -357.4429016113281,
                        0.19266802072525024,
                        1.192608118057251,
                        1.0490772724151611,
                        475.8470764160156
                    ],
                    "scale": [
                        1.5999994277954102,
                        1.5999994277954102,
                        1.5999994277954102
                    ],
                    "rotation": -0.6999996304512024,
                    "weight": [
                        0,
                        0,
                        0,
                        0
                    ],
                    "weightHard": false,
                    "weightScale": [
                        1,
                        1,
                        1
                    ],
                    "mirrored": false,
                    "twinId": 0,
                    "pathable": true,
                    "flooded": false,
                    "mergeable": false,
                    "no_features": true
                },
                {
                    "proj": "BP_Bend",
                    "spec": "/pa/terrain/lava/brushes/lava_metal_t2_large_4_ramp.json",
                    "height": 708.69873046875,
                    "op": "BO_Add",
                    "position": [
                        -486.6854248046875,
                        -530.2801513671875,
                        -92.62234497070312
                    ],
                    "transform": [
                        0.7223865985870361,
                        -0.1685059666633606,
                        -0.6706439256668091,
                        -475.28448486328125,
                        -0.6824568510055542,
                        -0.01748904585838318,
                        -0.7307165861129761,
                        -517.85791015625,
                        0.11140117049217224,
                        0.9855454564094543,
                        -0.12763190269470215,
                        -90.45256805419922
                    ],
                    "scale": [
                        1,
                        1,
                        1
                    ],
                    "rotation": -0.6299996972084045,
                    "weight": [
                        0,
                        0,
                        0,
                        0
                    ],
                    "weightHard": false,
                    "weightScale": [
                        1,
                        1,
                        1
                    ],
                    "mirrored": false,
                    "twinId": 0,
                    "pathable": true,
                    "flooded": false,
                    "mergeable": false,
                    "no_features": true
                },
                {
                    "proj": "BP_Bend",
                    "spec": "/pa/terrain/lava/brushes/lava_metal_t2_medium_2_ramp.json",
                    "height": 724.7089233398438,
                    "op": "BO_Add",
                    "position": [
                        426.242919921875,
                        -309.11627197265625,
                        499.41717529296875
                    ],
                    "transform": [
                        -0.9339134693145752,
                        -1.0540177822113037,
                        1.02198326587677,
                        425.65557861328125,
                        0.7506674528121948,
                        -1.3837580680847168,
                        -0.741154134273529,
                        -308.69036865234375,
                        1.2617058753967285,
                        0.04310107231140137,
                        1.1974297761917114,
                        498.72894287109375
                    ],
                    "scale": [
                        1.7399992942810059,
                        1.7399992942810059,
                        1.7399992942810059
                    ],
                    "rotation": 2.4799981117248535,
                    "weight": [
                        0,
                        0,
                        0,
                        0
                    ],
                    "weightHard": false,
                    "weightScale": [
                        1,
                        1,
                        1
                    ],
                    "mirrored": false,
                    "twinId": 0,
                    "pathable": true,
                    "flooded": false,
                    "mergeable": false,
                    "no_features": true
                },
                {
                    "proj": "BP_Bend",
                    "spec": "/pa/terrain/lava/brushes/lava_metal_t2_medium_2_ramp.json",
                    "height": 725.7662963867188,
                    "op": "BO_Add",
                    "position": [
                        -393.446533203125,
                        470.1845703125,
                        388.4109802246094
                    ],
                    "transform": [
                        0.6699919104576111,
                        1.2711644172668457,
                        -0.9270108342170715,
                        -393.44647216796875,
                        -0.6301940679550171,
                        1.1400429010391235,
                        1.1078156232833862,
                        470.18450927734375,
                        1.4415490627288818,
                        -0.09241575002670288,
                        0.9151464700698853,
                        388.41094970703125
                    ],
                    "scale": [
                        1.7099993228912354,
                        1.7099993228912354,
                        1.7099993228912354
                    ],
                    "rotation": -0.8099995255470276,
                    "weight": [
                        0,
                        0,
                        0,
                        0
                    ],
                    "weightHard": false,
                    "weightScale": [
                        1,
                        1,
                        1
                    ],
                    "mirrored": false,
                    "twinId": 0,
                    "pathable": true,
                    "flooded": false,
                    "mergeable": false,
                    "no_features": true
                },
                {
                    "proj": "BP_Bend",
                    "spec": "/pa/terrain/lava/brushes/lava_metal_t3_medium_2_ramp.json",
                    "height": 725.742431640625,
                    "op": "BO_Add",
                    "position": [
                        406.37255859375,
                        444.09564208984375,
                        405.3917236328125
                    ],
                    "transform": [
                        1.1078052520751953,
                        0.7280941009521484,
                        0.8959044814109802,
                        406.3725891113281,
                        -1.1454042196273804,
                        0.538023054599762,
                        0.9790703058242798,
                        444.095703125,
                        0.1442737579345703,
                        -1.3192455768585205,
                        0.893742024898529,
                        405.3917236328125
                    ],
                    "scale": [
                        1.5999994277954102,
                        1.5999994277954102,
                        1.5999994277954102
                    ],
                    "rotation": -0.8499994874000549,
                    "weight": [
                        0,
                        0,
                        0,
                        0
                    ],
                    "weightHard": false,
                    "weightScale": [
                        1,
                        1,
                        1
                    ],
                    "mirrored": false,
                    "twinId": 0,
                    "pathable": true,
                    "flooded": false,
                    "mergeable": false,
                    "no_features": true
                },
                {
                    "proj": "BP_Bend",
                    "spec": "/pa/terrain/lava/brushes/lava_metal_t2_large_4_ramp.json",
                    "height": 708.72314453125,
                    "op": "BO_Add",
                    "position": [
                        -477.8707275390625,
                        513.8431396484375,
                        -185.1456298828125
                    ],
                    "transform": [
                        -0.13569742441177368,
                        0.7402678728103638,
                        -0.6584751605987549,
                        -466.67657470703125,
                        0.2217300981283188,
                        0.6704557538032532,
                        0.7080428004264832,
                        501.8063049316406,
                        0.9656198024749756,
                        -0.04992413520812988,
                        -0.25511884689331055,
                        -180.80862426757812
                    ],
                    "scale": [
                        1,
                        1,
                        1
                    ],
                    "rotation": -0.7699995636940002,
                    "weight": [
                        0,
                        0,
                        0,
                        0
                    ],
                    "weightHard": false,
                    "weightScale": [
                        1,
                        1,
                        1
                    ],
                    "mirrored": false,
                    "twinId": 0,
                    "pathable": true,
                    "flooded": false,
                    "mergeable": false,
                    "no_features": true
                },
                {
                    "proj": "BP_Bend",
                    "spec": "/pa/terrain/lava/brushes/lava_metal_t2_large_4_ramp.json",
                    "height": 708.6887817382812,
                    "op": "BO_Add",
                    "position": [
                        512.80224609375,
                        470.45556640625,
                        -205.74169921875
                    ],
                    "transform": [
                        -0.14567604660987854,
                        -0.692412793636322,
                        0.7066420316696167,
                        500.7892761230469,
                        -0.2588043212890625,
                        0.7160605192184448,
                        0.6482882499694824,
                        459.4346008300781,
                        -0.9548815488815308,
                        -0.08844190835952759,
                        -0.2835122346878052,
                        -200.92193603515625
                    ],
                    "scale": [
                        1,
                        1,
                        1
                    ],
                    "rotation": 0.6499996781349182,
                    "weight": [
                        0,
                        0,
                        0,
                        0
                    ],
                    "weightHard": false,
                    "weightScale": [
                        1,
                        1,
                        1
                    ],
                    "mirrored": false,
                    "twinId": 0,
                    "pathable": true,
                    "flooded": false,
                    "mergeable": false,
                    "no_features": true
                },
                {
                    "proj": "BP_Bend",
                    "spec": "/pa/terrain/lava/brushes/lava_metal_t2_large_4_ramp.json",
                    "height": 707.7063598632812,
                    "op": "BO_Add",
                    "position": [
                        550.42919921875,
                        -469.113037109375,
                        -60.08598327636719
                    ],
                    "transform": [
                        0.6442061066627502,
                        0.09856995940208435,
                        0.7584738731384277,
                        536.7767944335938,
                        0.7628883123397827,
                        -0.011795461177825928,
                        -0.6464227437973022,
                        -457.47747802734375,
                        -0.0547713041305542,
                        0.9950603246688843,
                        -0.08279657363891602,
                        -58.59566116333008
                    ],
                    "scale": [
                        1,
                        1,
                        1
                    ],
                    "rotation": 0.8099995255470276,
                    "weight": [
                        0,
                        0,
                        0,
                        0
                    ],
                    "weightHard": false,
                    "weightScale": [
                        1,
                        1,
                        1
                    ],
                    "mirrored": false,
                    "twinId": 0,
                    "pathable": true,
                    "flooded": false,
                    "mergeable": false,
                    "no_features": true
                },
                {
                    "proj": "BP_Bend",
                    "spec": "/pa/terrain/lava/brushes/lava_volcano_06.json",
                    "height": 725.5684204101562,
                    "op": "BO_Add",
                    "position": [
                        -85.47229766845703,
                        718.7216796875,
                        50.82501220703125
                    ],
                    "transform": [
                        0.9898641109466553,
                        -0.07932205498218536,
                        -0.11780047416687012,
                        -85.47230529785156,
                        0.12276611477136612,
                        0.06092790141701698,
                        0.9905637502670288,
                        718.7218017578125,
                        -0.07139623165130615,
                        -0.9949854612350464,
                        0.07004839181900024,
                        50.82490158081055
                    ],
                    "scale": [
                        1,
                        1,
                        1
                    ],
                    "rotation": 0.1900000125169754,
                    "weight": [
                        0,
                        0,
                        0,
                        0
                    ],
                    "weightHard": false,
                    "weightScale": [
                        1,
                        1,
                        1
                    ],
                    "mirrored": false,
                    "twinId": 0,
                    "pathable": false,
                    "flooded": false,
                    "mergeable": false,
                    "no_features": false
                },
                {
                    "proj": "BP_Bend",
                    "spec": "/pa/terrain/lava/brushes/lava_volcano_06.json",
                    "height": 725.7012329101562,
                    "op": "BO_Add",
                    "position": [
                        129.56661987304688,
                        712.3482666015625,
                        49.140411376953125
                    ],
                    "transform": [
                        0.9701451063156128,
                        -0.16414010524749756,
                        0.17853988707065582,
                        129.56661987304688,
                        -0.16414010524749756,
                        0.0975690484046936,
                        0.9815999865531921,
                        712.3483276367188,
                        -0.17853988707065582,
                        -0.9815999865531921,
                        0.0677141547203064,
                        49.1402473449707
                    ],
                    "scale": [
                        1,
                        1,
                        1
                    ],
                    "rotation": 0,
                    "weight": [
                        0,
                        0,
                        0,
                        0
                    ],
                    "weightHard": false,
                    "weightScale": [
                        1,
                        1,
                        1
                    ],
                    "mirrored": false,
                    "twinId": 0,
                    "pathable": false,
                    "flooded": false,
                    "mergeable": false,
                    "no_features": false
                },
                {
                    "proj": "BP_Bend",
                    "spec": "/pa/terrain/lava/brushes/lava_volcano_06.json",
                    "height": 725.7669067382812,
                    "op": "BO_Add",
                    "position": [
                        277.9653015136719,
                        644.1080322265625,
                        186.00477600097656
                    ],
                    "transform": [
                        0.8832389712333679,
                        -0.2705615758895874,
                        0.3829953372478485,
                        277.96533203125,
                        -0.2705615758895874,
                        0.3730480670928955,
                        0.8874862194061279,
                        644.108154296875,
                        -0.3829953372478485,
                        -0.8874862194061279,
                        0.2562870383262634,
                        186.00465393066406
                    ],
                    "scale": [
                        1,
                        1,
                        1
                    ],
                    "rotation": 0,
                    "weight": [
                        0,
                        0,
                        0,
                        0
                    ],
                    "weightHard": false,
                    "weightScale": [
                        1,
                        1,
                        1
                    ],
                    "mirrored": false,
                    "twinId": 0,
                    "pathable": false,
                    "flooded": false,
                    "mergeable": false,
                    "no_features": false
                },
                {
                    "proj": "BP_Bend",
                    "spec": "/pa/terrain/lava/brushes/lava_volcano_06.json",
                    "height": 725.6403198242188,
                    "op": "BO_Add",
                    "position": [
                        258.55352783203125,
                        612.514892578125,
                        290.73944091796875
                    ],
                    "transform": [
                        0.9093592166900635,
                        -0.21472854912281036,
                        0.3563109040260315,
                        258.5535583496094,
                        -0.21472854912281036,
                        0.49130678176879883,
                        0.8441027402877808,
                        612.5149536132812,
                        -0.3563109040260315,
                        -0.8441027402877808,
                        0.4006659984588623,
                        290.7394104003906
                    ],
                    "scale": [
                        1,
                        1,
                        1
                    ],
                    "rotation": 0,
                    "weight": [
                        0,
                        0,
                        0,
                        0
                    ],
                    "weightHard": false,
                    "weightScale": [
                        1,
                        1,
                        1
                    ],
                    "mirrored": false,
                    "twinId": 0,
                    "pathable": false,
                    "flooded": false,
                    "mergeable": false,
                    "no_features": false
                },
                {
                    "proj": "BP_Bend",
                    "spec": "/pa/terrain/lava/brushes/lava_volcano_06.json",
                    "height": 725.6608276367188,
                    "op": "BO_Add",
                    "position": [
                        237.21719360351562,
                        571.26611328125,
                        379.42938232421875
                    ],
                    "transform": [
                        0.9298284649848938,
                        -0.1689869463443756,
                        0.32689815759658813,
                        237.21719360351562,
                        -0.1689869463443756,
                        0.5930458903312683,
                        0.7872356176376343,
                        571.2660522460938,
                        -0.32689815759658813,
                        -0.7872356176376343,
                        0.5228743553161621,
                        379.429443359375
                    ],
                    "scale": [
                        1,
                        1,
                        1
                    ],
                    "rotation": 0,
                    "weight": [
                        0,
                        0,
                        0,
                        0
                    ],
                    "weightHard": false,
                    "weightScale": [
                        1,
                        1,
                        1
                    ],
                    "mirrored": false,
                    "twinId": 0,
                    "pathable": false,
                    "flooded": false,
                    "mergeable": false,
                    "no_features": false
                },
                {
                    "proj": "BP_Bend",
                    "spec": "/pa/terrain/lava/brushes/lava_volcano_06.json",
                    "height": 725.6893310546875,
                    "op": "BO_Add",
                    "position": [
                        221.95999145507812,
                        533.771484375,
                        438.6875305175781
                    ],
                    "transform": [
                        0.9416950941085815,
                        -0.14021217823028564,
                        0.30586087703704834,
                        221.95997619628906,
                        -0.14021217823028564,
                        0.6628164052963257,
                        0.7355371117591858,
                        533.7714233398438,
                        -0.30586087703704834,
                        -0.7355371117591858,
                        0.6045114994049072,
                        438.6875305175781
                    ],
                    "scale": [
                        1,
                        1,
                        1
                    ],
                    "rotation": 0,
                    "weight": [
                        0,
                        0,
                        0,
                        0
                    ],
                    "weightHard": false,
                    "weightScale": [
                        1,
                        1,
                        1
                    ],
                    "mirrored": false,
                    "twinId": 0,
                    "pathable": false,
                    "flooded": false,
                    "mergeable": false,
                    "no_features": false
                },
                {
                    "proj": "BP_Bend",
                    "spec": "/pa/terrain/lava/brushes/lava_volcano_06.json",
                    "height": 725.7730102539062,
                    "op": "BO_Add",
                    "position": [
                        135.99679565429688,
                        501.940185546875,
                        506.26812744140625
                    ],
                    "transform": [
                        0.9793161749839783,
                        -0.0763404369354248,
                        0.18738201260566711,
                        135.99681091308594,
                        -0.0763404369354248,
                        0.7182409167289734,
                        0.6915939450263977,
                        501.9402160644531,
                        -0.18738201260566711,
                        -0.6915939450263977,
                        0.6975570917129517,
                        506.2680969238281
                    ],
                    "scale": [
                        1,
                        1,
                        1
                    ],
                    "rotation": 0,
                    "weight": [
                        0,
                        0,
                        0,
                        0
                    ],
                    "weightHard": false,
                    "weightScale": [
                        1,
                        1,
                        1
                    ],
                    "mirrored": false,
                    "twinId": 0,
                    "pathable": false,
                    "flooded": false,
                    "mergeable": false,
                    "no_features": false
                },
                {
                    "proj": "BP_Bend",
                    "spec": "/pa/terrain/lava/brushes/lava_volcano_06.json",
                    "height": 725.6937255859375,
                    "op": "BO_Add",
                    "position": [
                        16.26495361328125,
                        552.492431640625,
                        470.23284912109375
                    ],
                    "transform": [
                        0.9996951818466187,
                        -0.01035431120544672,
                        0.022412970662117004,
                        16.264951705932617,
                        -0.01035431120544672,
                        0.6482819318771362,
                        0.7613299489021301,
                        552.4923706054688,
                        -0.022412970662117004,
                        -0.7613299489021301,
                        0.6479771137237549,
                        470.2329406738281
                    ],
                    "scale": [
                        1,
                        1,
                        1
                    ],
                    "rotation": 0,
                    "weight": [
                        0,
                        0,
                        0,
                        0
                    ],
                    "weightHard": false,
                    "weightScale": [
                        1,
                        1,
                        1
                    ],
                    "mirrored": false,
                    "twinId": 0,
                    "pathable": false,
                    "flooded": false,
                    "mergeable": false,
                    "no_features": false
                },
                {
                    "proj": "BP_Bend",
                    "spec": "/pa/terrain/lava/brushes/lava_volcano_06.json",
                    "height": 725.6747436523438,
                    "op": "BO_Add",
                    "position": [
                        19.960540771484375,
                        485.905029296875,
                        538.6109008789062
                    ],
                    "transform": [
                        0.9995657205581665,
                        -0.010571496561169624,
                        0.027506180107593536,
                        19.960540771484375,
                        -0.010571496561169624,
                        0.7426550984382629,
                        0.6695906519889832,
                        485.905029296875,
                        -0.027506180107593536,
                        -0.6695906519889832,
                        0.7422208189964294,
                        538.6109008789062
                    ],
                    "scale": [
                        1,
                        1,
                        1
                    ],
                    "rotation": 0,
                    "weight": [
                        0,
                        0,
                        0,
                        0
                    ],
                    "weightHard": false,
                    "weightScale": [
                        1,
                        1,
                        1
                    ],
                    "mirrored": false,
                    "twinId": 0,
                    "pathable": false,
                    "flooded": false,
                    "mergeable": false,
                    "no_features": false
                },
                {
                    "proj": "BP_Bend",
                    "spec": "/pa/terrain/lava/brushes/lava_volcano_06.json",
                    "height": 725.728271484375,
                    "op": "BO_Add",
                    "position": [
                        -95.92608642578125,
                        504.1031494140625,
                        513.1858520507812
                    ],
                    "transform": [
                        0.9897657036781311,
                        0.05378248542547226,
                        -0.13217906653881073,
                        -95.92608642578125,
                        0.05378248542547226,
                        0.7173665761947632,
                        0.6946169137954712,
                        504.1031188964844,
                        0.13217906653881073,
                        -0.6946169137954712,
                        0.7071322798728943,
                        513.1859130859375
                    ],
                    "scale": [
                        1,
                        1,
                        1
                    ],
                    "rotation": 0,
                    "weight": [
                        0,
                        0,
                        0,
                        0
                    ],
                    "weightHard": false,
                    "weightScale": [
                        1,
                        1,
                        1
                    ],
                    "mirrored": false,
                    "twinId": 0,
                    "pathable": false,
                    "flooded": false,
                    "mergeable": false,
                    "no_features": false
                },
                {
                    "proj": "BP_Bend",
                    "spec": "/pa/terrain/lava/brushes/lava_volcano_06.json",
                    "height": 725.6422729492188,
                    "op": "BO_Add",
                    "position": [
                        -166.573974609375,
                        511.693603515625,
                        486.80535888671875
                    ],
                    "transform": [
                        0.9684624075889587,
                        0.09687942266464233,
                        -0.22955381870269775,
                        -166.57395935058594,
                        0.09687942266464233,
                        0.7023990154266357,
                        0.7051595449447632,
                        511.6935729980469,
                        0.22955381870269775,
                        -0.7051595449447632,
                        0.6708613634109497,
                        486.80535888671875
                    ],
                    "scale": [
                        1,
                        1,
                        1
                    ],
                    "rotation": 0,
                    "weight": [
                        0,
                        0,
                        0,
                        0
                    ],
                    "weightHard": false,
                    "weightScale": [
                        1,
                        1,
                        1
                    ],
                    "mirrored": false,
                    "twinId": 0,
                    "pathable": false,
                    "flooded": false,
                    "mergeable": false,
                    "no_features": false
                },
                {
                    "proj": "BP_Bend",
                    "spec": "/pa/terrain/lava/brushes/lava_volcano_06.json",
                    "height": 725.690185546875,
                    "op": "BO_Add",
                    "position": [
                        -219.13031005859375,
                        580.327880859375,
                        376.6001892089844
                    ],
                    "transform": [
                        0.9399715065956116,
                        0.15897491574287415,
                        -0.3019612431526184,
                        -219.13031005859375,
                        0.15897491574287415,
                        0.5789830684661865,
                        0.7996909618377686,
                        580.327880859375,
                        0.3019612431526184,
                        -0.7996909618377686,
                        0.5189545154571533,
                        376.6001892089844
                    ],
                    "scale": [
                        1,
                        1,
                        1
                    ],
                    "rotation": 0,
                    "weight": [
                        0,
                        0,
                        0,
                        0
                    ],
                    "weightHard": false,
                    "weightScale": [
                        1,
                        1,
                        1
                    ],
                    "mirrored": false,
                    "twinId": 0,
                    "pathable": false,
                    "flooded": false,
                    "mergeable": false,
                    "no_features": false
                },
                {
                    "proj": "BP_Bend",
                    "spec": "/pa/terrain/lava/brushes/lava_volcano_06.json",
                    "height": 725.7171020507812,
                    "op": "BO_Add",
                    "position": [
                        -234.69412231445312,
                        625.06396484375,
                        284.392333984375
                    ],
                    "transform": [
                        0.9248604774475098,
                        0.20012016594409943,
                        -0.32339611649513245,
                        -234.694091796875,
                        0.20012016594409943,
                        0.4670172333717346,
                        0.8613052368164062,
                        625.06396484375,
                        0.32339611649513245,
                        -0.8613052368164062,
                        0.3918777108192444,
                        284.3923645019531
                    ],
                    "scale": [
                        1,
                        1,
                        1
                    ],
                    "rotation": 0,
                    "weight": [
                        0,
                        0,
