{
    "name": "Eriko 4P System V1",
    "description": "2 vs 2 or 4 players FFA Landmass map.",
    "creator": "GreatBalancer",
    "version": "1.0",
    "planets": [
        {
            "name": "Eriko 3",
            "mass": 10000,
            "position_x": 31400,
            "position_y": -200,
            "velocity_x": 0.8037192225456238,
            "velocity_y": 126.18478393554688,
            "required_thrust_to_move": 0,
            "starting_planet": true,
            "respawn": false,
            "start_destroyed": false,
            "min_spawn_delay": 0,
            "max_spawn_delay": 0,
            "planet": {
                "seed": 819492160,
                "radius": 600,
                "heightRange": 0,
                "waterHeight": 26.999998092651367,
                "waterDepth": 0,
                "temperature": 40,
                "metalDensity": 0,
                "metalClusters": 109,
                "metalSpotLimit": -1,
                "biomeScale": 75.00000006869588,
                "biome": "alienpurple",
                "symmetryType": "terrain",
                "symmetricalMetal": false,
                "symmetricalStarts": false,
                "numArmies": 2,
                "landingZonesPerArmy": 0,
                "landingZoneSize": 0,
                "heightAdjustments": []
            },
            "planetCSG": [
                {
                    "proj": "BP_Bend",
                    "spec": "/pa/terrain/metal/brushes/metal_t1_large_8_ramp.json",
                    "height": 599.22802734375,
                    "op": "BO_Add",
                    "position": [
                        -60.8204345703125,
                        -380.73046875,
                        -458.7149658203125
                    ],
                    "transform": [
                        0.988813042640686,
                        -0.10930211842060089,
                        -0.10149798542261124,
                        -60.820438385009766,
                        -0.1489737331867218,
                        -0.7577030062675476,
                        -0.635368287563324,
                        -380.7304992675781,
                        -0.007458224892616272,
                        0.6433809995651245,
                        -0.7655097246170044,
                        -458.7148742675781
                    ],
                    "scale": [
                        1,
                        1,
                        1
                    ],
                    "rotation": -0.17000000178813934,
                    "weight": [
                        0,
                        0,
                        0,
                        0
                    ],
                    "weightHard": false,
                    "weightScale": [
                        1,
                        1,
                        1
                    ],
                    "mirrored": false,
                    "twinId": 0,
                    "pathable": true,
                    "flooded": false,
                    "mergeable": false,
                    "no_features": true
                },
                {
                    "proj": "BP_Bend",
                    "spec": "/pa/terrain/metal/brushes/metal_t1_large_8_ramp.json",
                    "height": 599.640869140625,
                    "op": "BO_Add",
                    "position": [
                        -127.57207489013672,
                        -435.289794921875,
                        392.195556640625
                    ],
                    "transform": [
                        0.9770913124084473,
                        -0.005572021007537842,
                        -0.2127474546432495,
                        -127.57206726074219,
                        -0.15423569083213806,
                        0.6702650785446167,
                        -0.7259174585342407,
                        -435.2897644042969,
                        0.14664199948310852,
                        0.7421008944511414,
                        0.6540507674217224,
                        392.195556640625
                    ],
                    "scale": [
                        1,
                        1,
                        1
                    ],
                    "rotation": -0.08999998867511749,
                    "weight": [
                        0,
                        0,
                        0,
                        0
                    ],
                    "weightHard": false,
                    "weightScale": [
                        1,
                        1,
                        1
                    ],
                    "mirrored": false,
                    "twinId": 0,
                    "pathable": true,
                    "flooded": false,
                    "mergeable": false,
                    "no_features": true
                },
                {
                    "proj": "BP_Bend",
                    "spec": "/pa/terrain/metal/brushes/metal_t1_large_8_ramp.json",
                    "height": 599.6290893554688,
                    "op": "BO_Add",
                    "position": [
                        -109.9837417602539,
                        404.079345703125,
                        429.16021728515625
                    ],
                    "transform": [
                        0.9830129742622375,
                        -0.006536036729812622,
                        -0.1834196150302887,
                        -109.98373413085938,
                        0.13057434558868408,
                        0.727209210395813,
                        0.6738821268081665,
                        404.0793151855469,
                        0.1289799064397812,
                        -0.6863847970962524,
                        0.7157095670700073,
                        429.1602783203125
                    ],
                    "scale": [
                        1,
                        1,
                        1
                    ],
                    "rotation": 0.07999999076128006,
                    "weight": [
                        0,
                        0,
                        0,
                        0
                    ],
                    "weightHard": false,
                    "weightScale": [
                        1,
                        1,
                        1
                    ],
                    "mirrored": false,
                    "twinId": 0,
                    "pathable": true,
                    "flooded": false,
                    "mergeable": false,
                    "no_features": true
                },
                {
                    "proj": "BP_Bend",
                    "spec": "/pa/terrain/metal/brushes/metal_t1_large_8_ramp.json",
                    "height": 599.1239624023438,
                    "op": "BO_Add",
                    "position": [
                        -35.22039794921875,
                        434.595458984375,
                        -410.8963623046875
                    ],
                    "transform": [
                        0.9971966743469238,
                        0.04629191756248474,
                        -0.058786503970623016,
                        -35.220401763916016,
                        0.07452917844057083,
                        -0.6842969059944153,
                        0.7253849506378174,
                        434.59552001953125,
                        -0.006647959351539612,
                        -0.72773277759552,
                        -0.685828685760498,
                        -410.8963928222656
                    ],
                    "scale": [
                        1,
                        1,
                        1
                    ],
                    "rotation": 0.08999998867511749,
                    "weight": [
                        0,
                        0,
                        0,
                        0
                    ],
                    "weightHard": false,
                    "weightScale": [
                        1,
                        1,
                        1
                    ],
                    "mirrored": false,
                    "twinId": 0,
                    "pathable": true,
                    "flooded": false,
                    "mergeable": false,
                    "no_features": true
                },
                {
                    "proj": "BP_Bend",
                    "spec": "/pa/terrain/lava/brushes/lava_volcano_04.json",
                    "height": 596.3543701171875,
                    "op": "BO_Add",
                    "position": [
                        -425.067626953125,
                        384.32177734375,
                        165.0843505859375
                    ],
                    "transform": [
                        0.5117828249931335,
                        0.3057965934276581,
                        -0.6058603525161743,
                        -425.067626953125,
                        0.3057965934276581,
                        0.573516309261322,
                        0.5477842688560486,
                        384.32177734375,
                        0.6058603525161743,
                        -0.5477842688560486,
                        0.23529908061027527,
                        165.0842742919922
                    ],
                    "scale": [
                        0.8500000238418579,
                        0.8500000238418579,
                        0.8500000238418579
                    ],
                    "rotation": 0,
                    "weight": [
                        0,
                        0,
                        0,
                        0
                    ],
                    "weightHard": false,
                    "weightScale": [
                        1,
                        1,
                        1
                    ],
                    "mirrored": false,
                    "twinId": 0,
                    "pathable": false,
                    "flooded": false,
                    "mergeable": false,
                    "no_features": false
                },
                {
                    "proj": "BP_Bend",
                    "spec": "/pa/terrain/lava/brushes/lava_volcano_04.json",
                    "height": 596.3543701171875,
                    "op": "BO_Add",
                    "position": [
                        -425.067626953125,
                        384.32177734375,
                        165.0843505859375
                    ],
                    "transform": [
                        0.5117828249931335,
                        0.3057965934276581,
                        -0.6058603525161743,
                        -425.0676574707031,
                        0.3057965934276581,
                        0.573516309261322,
                        0.5477842688560486,
                        384.32177734375,
                        -0.6058603525161743,
                        0.5477842688560486,
                        -0.23529908061027527,
                        -165.0842742919922
                    ],
                    "scale": [
                        0.8500000238418579,
                        0.8500000238418579,
                        0.8500000238418579
                    ],
                    "rotation": 0,
                    "weight": [
                        0,
                        0,
                        0,
                        0
                    ],
                    "weightHard": false,
                    "weightScale": [
                        1,
                        1,
                        1
                    ],
                    "mirrored": true,
                    "twinId": 0,
                    "pathable": false,
                    "flooded": false,
                    "mergeable": false,
                    "no_features": false
                },
                {
                    "proj": "BP_Bend",
                    "spec": "/pa/terrain/lava/brushes/lava_volcano_06.json",
                    "height": 596.4571533203125,
                    "op": "BO_Add",
                    "position": [
                        -411.13092041015625,
                        -430.557373046875,
                        -36.781158447265625
                    ],
                    "transform": [
                        0.49365752935409546,
                        -0.5302677750587463,
                        -0.689288318157196,
                        -411.1309509277344,
                        -0.5302677750587463,
                        0.44467639923095703,
                        -0.721858024597168,
                        -430.557373046875,
                        0.689288318157196,
                        0.721858024597168,
                        -0.061666011810302734,
                        -36.78113555908203
                    ],
                    "scale": [
                        1,
                        1,
                        1
                    ],
                    "rotation": 0,
                    "weight": [
                        0,
                        0,
                        0,
                        0
                    ],
                    "weightHard": false,
                    "weightScale": [
                        1,
                        1,
                        1
                    ],
                    "mirrored": false,
                    "twinId": 0,
                    "pathable": false,
                    "flooded": false,
                    "mergeable": false,
                    "no_features": false
                },
                {
                    "proj": "BP_Bend",
                    "spec": "/pa/terrain/lava/brushes/lava_volcano_06.json",
                    "height": 596.4571533203125,
                    "op": "BO_Add",
                    "position": [
                        -411.13092041015625,
                        -430.557373046875,
                        -36.781158447265625
                    ],
                    "transform": [
                        0.49365752935409546,
                        -0.5302677750587463,
                        -0.689288318157196,
                        -411.1309509277344,
                        -0.5302677750587463,
                        0.44467639923095703,
                        -0.721858024597168,
                        -430.5573425292969,
                        -0.689288318157196,
                        -0.721858024597168,
                        0.061666011810302734,
                        36.78113555908203
                    ],
                    "scale": [
                        1,
                        1,
                        1
                    ],
                    "rotation": 0,
                    "weight": [
                        0,
                        0,
                        0,
                        0
                    ],
                    "weightHard": false,
                    "weightScale": [
                        1,
                        1,
                        1
                    ],
                    "mirrored": true,
                    "twinId": 0,
                    "pathable": false,
                    "flooded": false,
                    "mergeable": false,
                    "no_features": false
                },
                {
                    "proj": "BP_Bend",
                    "spec": "/pa/terrain/lava/brushes/lava_plateau_04.json",
                    "height": 596.4268188476562,
                    "op": "BO_Add",
                    "position": [
                        -395.36541748046875,
                        430.970703125,
                        -116.94184875488281
                    ],
                    "transform": [
                        0.45340561866760254,
                        0.595818817615509,
                        -0.6628900170326233,
                        -395.3653869628906,
                        0.595818817615509,
                        0.3505237102508545,
                        0.7225877046585083,
                        430.9706726074219,
                        0.6628900170326233,
                        -0.7225877046585083,
                        -0.19607067108154297,
                        -116.94180297851562
                    ],
                    "scale": [
                        1,
                        1,
                        1
                    ],
                    "rotation": 0,
                    "weight": [
                        0,
                        0,
                        0,
                        0
                    ],
                    "weightHard": false,
                    "weightScale": [
                        1,
                        1,
                        1
                    ],
                    "mirrored": false,
                    "twinId": 0,
                    "pathable": false,
                    "flooded": false,
                    "mergeable": false,
                    "no_features": false
                },
                {
                    "proj": "BP_Bend",
                    "spec": "/pa/terrain/lava/brushes/lava_plateau_04.json",
                    "height": 596.3884887695312,
                    "op": "BO_Add",
                    "position": [
                        -394.8402099609375,
                        430.56964111328125,
                        119.95932006835938
                    ],
                    "transform": [
                        0.6350867748260498,
                        0.39793455600738525,
                        -0.6620520353317261,
                        -394.8402099609375,
                        0.39793455600738525,
                        0.566055953502655,
                        0.7219617962837219,
                        430.5697021484375,
                        0.6620520353317261,
                        -0.7219617962837219,
                        0.2011427879333496,
                        119.95924377441406
                    ],
                    "scale": [
                        1,
                        1,
                        1
                    ],
                    "rotation": 0,
                    "weight": [
                        0,
                        0,
                        0,
                        0
                    ],
                    "weightHard": false,
                    "weightScale": [
                        1,
                        1,
                        1
                    ],
                    "mirrored": false,
                    "twinId": 0,
                    "pathable": false,
                    "flooded": false,
                    "mergeable": false,
                    "no_features": false
                },
                {
                    "proj": "BP_Bend",
                    "spec": "/pa/terrain/lava/brushes/lava_plateau_02.json",
                    "height": 600.5260009765625,
                    "op": "BO_Add",
                    "position": [
                        424.77447509765625,
                        -110.92376708984375,
                        -409.748779296875
                    ],
                    "transform": [
                        -0.5749197006225586,
                        0.4112677276134491,
                        0.7073371410369873,
                        424.77435302734375,
                        0.4112677276134491,
                        0.89260333776474,
                        -0.18471096456050873,
                        -110.92373657226562,
                        -0.7073371410369873,
                        0.18471096456050873,
                        -0.6823164224624634,
                        -409.7487487792969
                    ],
                    "scale": [
                        1,
                        1,
                        1
                    ],
                    "rotation": 0,
                    "weight": [
                        0,
                        0,
                        0,
                        0
                    ],
                    "weightHard": false,
                    "weightScale": [
                        1,
                        1,
                        1
                    ],
                    "mirrored": false,
                    "twinId": 0,
                    "pathable": false,
                    "flooded": false,
                    "mergeable": false,
                    "no_features": false
                },
                {
                    "proj": "BP_Bend",
                    "spec": "/pa/terrain/lava/brushes/lava_plateau_02.json",
                    "height": 600.6880493164062,
                    "op": "BO_Add",
                    "position": [
                        434.315673828125,
                        -41.631591796875,
                        -412.8714599609375
                    ],
                    "transform": [
                        -0.6719682216644287,
                        0.16026751697063446,
                        0.7230302095413208,
                        434.31561279296875,
                        0.16026751697063446,
                        0.984637439250946,
                        -0.06930650025606155,
                        -41.631587982177734,
                        -0.7230302095413208,
                        0.06930650025606155,
                        -0.6873307228088379,
                        -412.871337890625
                    ],
                    "scale": [
                        1,
                        1,
                        1
                    ],
                    "rotation": 0,
                    "weight": [
                        0,
                        0,
                        0,
                        0
                    ],
                    "weightHard": false,
                    "weightScale": [
                        1,
                        1,
                        1
                    ],
                    "mirrored": false,
                    "twinId": 0,
                    "pathable": false,
                    "flooded": false,
                    "mergeable": false,
                    "no_features": false
                },
                {
                    "proj": "BP_Bend",
                    "spec": "/pa/terrain/lava/brushes/lava_plateau_02.json",
                    "height": 600.6806640625,
                    "op": "BO_Add",
                    "position": [
                        436.920166015625,
                        32.57989501953125,
                        -410.921630859375
                    ],
                    "transform": [
                        -0.6747812032699585,
                        -0.12488367408514023,
                        0.7273750305175781,
                        436.92010498046875,
                        -0.12488367408514023,
                        0.9906877875328064,
                        0.05423828586935997,
                        32.579891204833984,
                        -0.7273750305175781,
                        -0.05423828586935997,
                        -0.6840934753417969,
                        -410.9217224121094
                    ],
                    "scale": [
                        1,
                        1,
                        1
                    ],
                    "rotation": 0,
                    "weight": [
                        0,
                        0,
                        0,
                        0
                    ],
                    "weightHard": false,
                    "weightScale": [
                        1,
                        1,
                        1
                    ],
                    "mirrored": false,
                    "twinId": 0,
                    "pathable": false,
                    "flooded": false,
                    "mergeable": false,
                    "no_features": false
                },
                {
                    "proj": "BP_Bend",
                    "spec": "/pa/terrain/lava/brushes/lava_plateau_02.json",
                    "height": 600.6494750976562,
                    "op": "BO_Add",
                    "position": [
                        430.87786865234375,
                        106.87308502197266,
                        -404.601318359375
                    ],
                    "transform": [
                        -0.5766106843948364,
                        -0.3910556733608246,
                        0.7173532247543335,
                        430.8778381347656,
                        -0.3910556733608246,
                        0.9030042290687561,
                        0.17792919278144836,
                        106.87307739257812,
                        -0.7173532247543335,
                        -0.17792919278144836,
                        -0.6736063957214355,
                        -404.601318359375
                    ],
                    "scale": [
                        1,
                        1,
                        1
                    ],
                    "rotation": 0,
                    "weight": [
                        0,
                        0,
                        0,
                        0
                    ],
                    "weightHard": false,
                    "weightScale": [
                        1,
                        1,
                        1
                    ],
                    "mirrored": false,
                    "twinId": 0,
                    "pathable": false,
                    "flooded": false,
                    "mergeable": false,
                    "no_features": false
                },
                {
                    "proj": "BP_Bend",
                    "spec": "/pa/terrain/lava/brushes/lava_plateau_02.json",
                    "height": 600.6160278320312,
                    "op": "BO_Add",
                    "position": [
                        309.9482421875,
                        113.94693756103516,
                        -501.6849365234375
                    ],
                    "transform": [
                        -0.6167716979980469,
                        -0.5943772792816162,
                        0.5160505771636963,
                        309.9482421875,
                        -0.5943772792816162,
                        0.7814878225326538,
                        0.18971678614616394,
                        113.94694519042969,
                        -0.5160505771636963,
                        -0.18971678614616394,
                        -0.8352838754653931,
                        -501.68487548828125
                    ],
                    "scale": [
                        1,
                        1,
                        1
                    ],
                    "rotation": 0,
                    "weight": [
                        0,
                        0,
                        0,
                        0
                    ],
                    "weightHard": false,
                    "weightScale": [
                        1,
                        1,
                        1
                    ],
                    "mirrored": false,
                    "twinId": 0,
                    "pathable": false,
                    "flooded": false,
                    "mergeable": false,
                    "no_features": false
                },
                {
                    "proj": "BP_Bend",
                    "spec": "/pa/terrain/lava/brushes/lava_plateau_02.json",
                    "height": 600.0283813476562,
                    "op": "BO_Add",
                    "position": [
                        309.05804443359375,
                        42.063201904296875,
                        -512.5894165039062
                    ],
                    "transform": [
                        -0.8205519914627075,
                        -0.24777953326702118,
                        0.5150723457336426,
                        309.0580139160156,
                        -0.24777953326702118,
                        0.9662768840789795,
                        0.0701020285487175,
                        42.06320571899414,
                        -0.5150723457336426,
                        -0.0701020285487175,
                        -0.854275107383728,
                        -512.5892944335938
                    ],
                    "scale": [
                        1,
                        1,
                        1
                    ],
                    "rotation": 0,
                    "weight": [
                        0,
                        0,
                        0,
                        0
                    ],
                    "weightHard": false,
                    "weightScale": [
                        1,
                        1,
                        1
                    ],
                    "mirrored": false,
                    "twinId": 0,
                    "pathable": false,
                    "flooded": false,
                    "mergeable": false,
                    "no_features": false
                },
                {
                    "proj": "BP_Bend",
                    "spec": "/pa/terrain/lava/brushes/lava_plateau_02.json",
                    "height": 599.5142822265625,
                    "op": "BO_Add",
                    "position": [
                        304.1578369140625,
                        -33.792518615722656,
                        -515.5224609375
                    ],
                    "transform": [
                        -0.8372219800949097,
                        0.20411889255046844,
                        0.5073405504226685,
                        304.15789794921875,
                        0.20411889255046844,
                        0.977321982383728,
                        -0.056366510689258575,
                        -33.79253005981445,
                        -0.5073405504226685,
                        0.056366510689258575,
                        -0.8598999977111816,
                        -515.5223388671875
                    ],
                    "scale": [
                        1,
                        1,
                        1
                    ],
                    "rotation": 0,
                    "weight": [
                        0,
                        0,
                        0,
                        0
                    ],
                    "weightHard": false,
                    "weightScale": [
                        1,
                        1,
                        1
                    ],
                    "mirrored": false,
                    "twinId": 0,
                    "pathable": false,
                    "flooded": false,
                    "mergeable": false,
                    "no_features": false
                },
                {
                    "proj": "BP_Bend",
                    "spec": "/pa/terrain/lava/brushes/lava_plateau_02.json",
                    "height": 599.6625366210938,
                    "op": "BO_Add",
                    "position": [
                        296.79443359375,
                        -107.12337493896484,
                        -509.93408203125
                    ],
                    "transform": [
                        -0.6370975971221924,
                        0.5908851027488708,
                        0.49493607878685,
                        296.79461669921875,
                        0.5908851027488708,
                        0.7867291569709778,
                        -0.17863954603672028,
                        -107.12344360351562,
                        -0.49493607878685,
                        0.17863954603672028,
                        -0.8503684997558594,
                        -509.93414306640625
                    ],
                    "scale": [
                        1,
                        1,
                        1
                    ],
                    "rotation": 0,
                    "weight": [
                        0,
                        0,
                        0,
                        0
                    ],
                    "weightHard": false,
                    "weightScale": [
                        1,
                        1,
                        1
                    ],
                    "mirrored": false,
                    "twinId": 0,
                    "pathable": false,
                    "flooded": false,
                    "mergeable": false,
                    "no_features": false
                },
                {
                    "proj": "BP_Bend",
                    "spec": "/pa/terrain/lava/brushes/lava_plateau_02.json",
                    "height": 600.1293334960938,
                    "op": "BO_Add",
                    "position": [
                        239.060791015625,
                        -537.1904296875,
                        -120.13140106201172
                    ],
                    "transform": [
                        0.801604151725769,
                        0.4458127021789551,
                        0.3983488082885742,
                        239.06080627441406,
                        0.4458127021789551,
                        -0.0017800331115722656,
                        -0.8951244950294495,
                        -537.1904907226562,
                        -0.3983488082885742,
                        0.8951244950294495,
                        -0.20017588138580322,
                        -120.13141632080078
                    ],
                    "scale": [
                        1,
                        1,
                        1
                    ],
                    "rotation": 0,
                    "weight": [
                        0,
                        0,
                        0,
                        0
                    ],
                    "weightHard": false,
                    "weightScale": [
                        1,
                        1,
                        1
                    ],
                    "mirrored": false,
                    "twinId": 0,
                    "pathable": false,
                    "flooded": false,
                    "mergeable": false,
                    "no_features": false
                },
                {
                    "proj": "BP_Bend",
                    "spec": "/pa/terrain/lava/brushes/lava_plateau_02.json",
                    "height": 600.49951171875,
                    "op": "BO_Add",
                    "position": [
                        242.33953857421875,
                        -547.0536499023438,
                        -51.02522659301758
                    ],
                    "transform": [
                        0.8220129013061523,
                        0.40178537368774414,
                        0.4035632312297821,
                        242.3395233154297,
                        0.40178537368774414,
                        0.09301561117172241,
                        -0.9109976291656494,
                        -547.0536499023438,
                        -0.4035632312297821,
                        0.9109976291656494,
                        -0.08497142791748047,
                        -51.025299072265625
                    ],
                    "scale": [
                        1,
                        1,
                        1
                    ],
                    "rotation": 0,
                    "weight": [
                        0,
                        0,
                        0,
                        0
                    ],
                    "weightHard": false,
                    "weightScale": [
                        1,
                        1,
                        1
                    ],
                    "mirrored": false,
                    "twinId": 0,
                    "pathable": false,
                    "flooded": false,
                    "mergeable": false,
                    "no_features": false
                },
                {
                    "proj": "BP_Bend",
                    "spec": "/pa/terrain/lava/brushes/lava_plateau_02.json",
                    "height": 600.644287109375,
                    "op": "BO_Add",
                    "position": [
                        249.7076416015625,
                        -545.6937255859375,
                        25.258270263671875
                    ],
                    "transform": [
                        0.8341407775878906,
                        0.3624572157859802,
                        0.4157330095767975,
                        249.70765686035156,
                        0.3624572157859802,
                        0.20791113376617432,
                        -0.9085140824317932,
                        -545.6937866210938,
                        -0.4157330095767975,
                        0.9085140824317932,
                        0.04205191135406494,
                        25.25823974609375
                    ],
                    "scale": [
                        1,
                        1,
                        1
                    ],
                    "rotation": 0,
                    "weight": [
                        0,
                        0,
                        0,
                        0
                    ],
                    "weightHard": false,
                    "weightScale": [
                        1,
                        1,
                        1
                    ],
                    "mirrored": false,
                    "twinId": 0,
                    "pathable": false,
                    "flooded": false,
                    "mergeable": false,
                    "no_features": false
                },
                {
                    "proj": "BP_Bend",
                    "spec": "/pa/terrain/lava/brushes/lava_plateau_02.json",
                    "height": 600.302978515625,
                    "op": "BO_Add",
                    "position": [
                        237.99285888671875,
                        -542.427734375,
                        97.44347381591797
                    ],
                    "transform": [
                        0.8647741675376892,
                        0.3082035779953003,
                        0.3964545428752899,
                        237.9928436279297,
                        0.3082035779953003,
                        0.29754960536956787,
                        -0.9035899043083191,
                        -542.427734375,
                        -0.3964545428752899,
                        0.9035899043083191,
                        0.16232377290725708,
                        97.44344329833984
                    ],
                    "scale": [
                        1,
                        1,
                        1
                    ],
                    "rotation": 0,
                    "weight": [
                        0,
                        0,
                        0,
                        0
                    ],
                    "weightHard": false,
                    "weightScale": [
                        1,
                        1,
                        1
                    ],
                    "mirrored": false,
