{
    "name": "Flame Prison 4P System",
    "description": "4 player FFA or 2vs2 lava planet. Not truly symmetric between all players, but balanced.",
    "creator": "GreatBalancer",
    "version": "1.0",
    "planets": [
        {
            "name": "Flame Prison",
            "mass": 10000,
            "position_x": 20400,
            "position_y": -1700,
            "velocity_x": 12.978793144226074,
            "velocity_y": 155.74559020996094,
            "required_thrust_to_move": 0,
            "starting_planet": true,
            "respawn": false,
            "start_destroyed": false,
            "min_spawn_delay": 0,
            "max_spawn_delay": 0,
            "planet": {
                "seed": 323065408,
                "radius": 630,
                "heightRange": 0,
                "waterHeight": 46,
                "waterDepth": 0,
                "temperature": 100,
                "metalDensity": 0,
                "metalClusters": 0,
                "metalSpotLimit": -1,
                "biomeScale": 50,
                "biome": "lava",
                "symmetryType": "terrain and CSG",
                "symmetricalMetal": true,
                "symmetricalStarts": false,
                "numArmies": 2,
                "landingZonesPerArmy": 0,
                "landingZoneSize": 0,
                "heightAdjustments": []
            },
            "planetCSG": [
                {
                    "proj": "BP_Bend",
                    "spec": "/pa/terrain/lava/brushes/lava_metal_t2_medium_4_ramp.json",
                    "height": 627.0134887695312,
                    "op": "BO_Add",
                    "position": [
                        -353.6806640625,
                        368.8798828125,
                        363.29534912109375
                    ],
                    "transform": [
                        0.5768947601318359,
                        0.5907753109931946,
                        -0.5640718340873718,
                        -353.6806335449219,
                        -0.2212538719177246,
                        0.777775764465332,
                        0.5883125066757202,
                        368.8798828125,
                        0.7862818837165833,
                        -0.21459132432937622,
                        0.5794060230255127,
                        363.2953796386719
                    ],
                    "scale": [
                        1,
                        1,
                        1
                    ],
                    "rotation": -0.539999783039093,
                    "weight": [
                        0,
                        0,
                        0,
                        0
                    ],
                    "weightHard": false,
                    "weightScale": [
                        1,
                        1,
                        1
                    ],
                    "mirrored": false,
                    "twinId": 0,
                    "pathable": true,
                    "flooded": false,
                    "mergeable": false,
                    "no_features": true
                },
                {
                    "proj": "BP_Bend",
                    "spec": "/pa/terrain/lava/brushes/lava_metal_t2_medium_4_ramp.json",
                    "height": 627.0134887695312,
                    "op": "BO_Add",
                    "position": [
                        -353.6806640625,
                        368.8798828125,
                        363.29534912109375
                    ],
                    "transform": [
                        0.5768947601318359,
                        0.5907753109931946,
                        -0.5640718340873718,
                        -353.68060302734375,
                        -0.2212538719177246,
                        0.777775764465332,
                        0.5883125066757202,
                        368.8798828125,
                        -0.7862818837165833,
                        0.21459132432937622,
                        -0.5794060230255127,
                        -363.29534912109375
                    ],
                    "scale": [
                        1,
                        1,
                        1
                    ],
                    "rotation": -0.539999783039093,
                    "weight": [
                        0,
                        0,
                        0,
                        0
                    ],
                    "weightHard": false,
                    "weightScale": [
                        1,
                        1,
                        1
                    ],
                    "mirrored": true,
                    "twinId": 0,
                    "pathable": true,
                    "flooded": false,
                    "mergeable": false,
                    "no_features": true
                },
                {
                    "proj": "BP_Bend",
                    "spec": "/pa/terrain/lava/brushes/lava_metal_t2_medium_4_ramp.json",
                    "height": 626.3234252929688,
                    "op": "BO_Add",
                    "position": [
                        462.741455078125,
                        103.5142822265625,
                        409.189697265625
                    ],
                    "transform": [
                        0.6663148999214172,
                        0.10082975029945374,
                        0.7388219237327576,
                        462.7414855957031,
                        -0.32420670986175537,
                        0.9314369559288025,
                        0.16527289152145386,
                        103.5142822265625,
                        -0.671501636505127,
                        -0.3496548533439636,
                        0.6533200740814209,
                        409.1896667480469
                    ],
                    "scale": [
                        1,
                        1,
                        1
                    ],
                    "rotation": -0.2600000202655792,
                    "weight": [
                        0,
                        0,
                        0,
                        0
                    ],
                    "weightHard": false,
                    "weightScale": [
                        1,
                        1,
                        1
                    ],
                    "mirrored": false,
                    "twinId": 0,
                    "pathable": true,
                    "flooded": false,
                    "mergeable": false,
                    "no_features": true
                },
                {
                    "proj": "BP_Bend",
                    "spec": "/pa/terrain/lava/brushes/lava_metal_t2_medium_4_ramp.json",
                    "height": 626.3234252929688,
                    "op": "BO_Add",
                    "position": [
                        462.741455078125,
                        103.5142822265625,
                        409.189697265625
                    ],
                    "transform": [
                        0.6663148999214172,
                        0.10082975029945374,
                        0.7388219237327576,
                        462.7414855957031,
                        -0.32420670986175537,
                        0.9314369559288025,
                        0.16527289152145386,
                        103.5142822265625,
                        0.671501636505127,
                        0.3496548533439636,
                        -0.6533200740814209,
                        -409.1896667480469
                    ],
                    "scale": [
                        1,
                        1,
                        1
                    ],
                    "rotation": -0.2600000202655792,
                    "weight": [
                        0,
                        0,
                        0,
                        0
                    ],
                    "weightHard": false,
                    "weightScale": [
                        1,
                        1,
                        1
                    ],
                    "mirrored": true,
                    "twinId": 0,
                    "pathable": true,
                    "flooded": false,
                    "mergeable": false,
                    "no_features": true
                },
                {
                    "proj": "BP_Bend",
                    "spec": "/pa/terrain/lava/brushes/lava_volcano_06.json",
                    "height": 629.6697998046875,
                    "op": "BO_Add",
                    "position": [
                        -122.4970932006836,
                        617.340576171875,
                        19.212860107421875
                    ],
                    "transform": [
                        0.9632740616798401,
                        0.18508516252040863,
                        -0.194541797041893,
                        -122.4970932006836,
                        0.18508516252040863,
                        0.06723850965499878,
                        0.9804195165634155,
                        617.340576171875,
                        0.194541797041893,
                        -0.9804195165634155,
                        0.030512571334838867,
                        19.212844848632812
                    ],
                    "scale": [
                        1,
                        1,
                        1
                    ],
                    "rotation": 0,
                    "weight": [
                        0,
                        0,
                        0,
                        0
                    ],
                    "weightHard": false,
                    "weightScale": [
                        1,
                        1,
                        1
                    ],
                    "mirrored": false,
                    "twinId": 0,
                    "pathable": false,
                    "flooded": false,
                    "mergeable": false,
                    "no_features": false
                },
                {
                    "proj": "BP_Bend",
                    "spec": "/pa/terrain/lava/brushes/lava_volcano_06.json",
                    "height": 629.6697998046875,
                    "op": "BO_Add",
                    "position": [
                        -122.4970932006836,
                        617.340576171875,
                        19.212860107421875
                    ],
                    "transform": [
                        0.9632740616798401,
                        0.18508516252040863,
                        -0.194541797041893,
                        -122.4970932006836,
                        0.18508516252040863,
                        0.06723850965499878,
                        0.9804195165634155,
                        617.340576171875,
                        -0.194541797041893,
                        0.9804195165634155,
                        -0.030512571334838867,
                        -19.212844848632812
                    ],
                    "scale": [
                        1,
                        1,
                        1
                    ],
                    "rotation": 0,
                    "weight": [
                        0,
                        0,
                        0,
                        0
                    ],
                    "weightHard": false,
                    "weightScale": [
                        1,
                        1,
                        1
                    ],
                    "mirrored": true,
                    "twinId": 0,
                    "pathable": false,
                    "flooded": false,
                    "mergeable": false,
                    "no_features": false
                },
                {
                    "proj": "BP_Bend",
                    "spec": "/pa/terrain/lava/brushes/lava_volcano_06.json",
                    "height": 630.9413452148438,
                    "op": "BO_Add",
                    "position": [
                        629.6229248046875,
                        12.39642333984375,
                        -38.83708190917969
                    ],
                    "transform": [
                        -0.06114304065704346,
                        -0.020892469212412834,
                        0.9979104995727539,
                        629.6229858398438,
                        -0.020892469212412834,
                        0.999588668346405,
                        0.01964750699698925,
                        12.396424293518066,
                        -0.9979104995727539,
                        -0.01964750699698925,
                        -0.0615544319152832,
                        -38.83723449707031
                    ],
                    "scale": [
                        1,
                        1,
                        1
                    ],
                    "rotation": 0,
                    "weight": [
                        0,
                        0,
                        0,
                        0
                    ],
                    "weightHard": false,
                    "weightScale": [
                        1,
                        1,
                        1
                    ],
                    "mirrored": false,
                    "twinId": 0,
                    "pathable": false,
                    "flooded": false,
                    "mergeable": false,
                    "no_features": false
                },
                {
                    "proj": "BP_Bend",
                    "spec": "/pa/terrain/lava/brushes/lava_volcano_06.json",
                    "height": 630.9413452148438,
                    "op": "BO_Add",
                    "position": [
                        629.6229248046875,
                        12.39642333984375,
                        -38.83708190917969
                    ],
                    "transform": [
                        -0.06114304065704346,
                        -0.020892469212412834,
                        0.9979104995727539,
                        629.6229858398438,
                        -0.020892469212412834,
                        0.999588668346405,
                        0.01964750699698925,
                        12.396424293518066,
                        0.9979104995727539,
                        0.01964750699698925,
                        0.0615544319152832,
                        38.83723449707031
                    ],
                    "scale": [
                        1,
                        1,
                        1
                    ],
                    "rotation": 0,
                    "weight": [
                        0,
                        0,
                        0,
                        0
                    ],
                    "weightHard": false,
                    "weightScale": [
                        1,
                        1,
                        1
                    ],
                    "mirrored": true,
                    "twinId": 0,
                    "pathable": false,
                    "flooded": false,
                    "mergeable": false,
                    "no_features": false
                },
                {
                    "proj": "BP_Bend",
                    "spec": "/pa/terrain/lava/brushes/lava_plateau_05.json",
                    "height": 628.5133666992188,
                    "op": "BO_Add",
                    "position": [
                        613.644287109375,
                        32.44732666015625,
                        131.97311401367188
                    ],
                    "transform": [
                        0.21217942237854004,
                        -0.04165714979171753,
                        0.9763424396514893,
                        613.644287109375,
                        -0.04165714979171753,
                        0.9977973103523254,
                        0.05162551626563072,
                        32.44732666015625,
                        -0.9763424396514893,
                        -0.05162551626563072,
                        0.20997673273086548,
                        131.9731903076172
                    ],
                    "scale": [
                        1,
                        1,
                        1
                    ],
                    "rotation": 0,
                    "weight": [
                        0,
                        0,
                        0,
                        0
                    ],
                    "weightHard": false,
                    "weightScale": [
                        1,
                        1,
                        1
                    ],
                    "mirrored": false,
                    "twinId": 0,
                    "pathable": false,
                    "flooded": false,
                    "mergeable": false,
                    "no_features": false
                },
                {
                    "proj": "BP_Bend",
                    "spec": "/pa/terrain/lava/brushes/lava_plateau_05.json",
                    "height": 628.5133666992188,
                    "op": "BO_Add",
                    "position": [
                        613.644287109375,
                        32.44732666015625,
                        131.97311401367188
                    ],
                    "transform": [
                        0.21217942237854004,
                        -0.04165714979171753,
                        0.9763424396514893,
                        613.644287109375,
                        -0.04165714979171753,
                        0.9977973103523254,
                        0.05162551626563072,
                        32.44732666015625,
                        0.9763424396514893,
                        0.05162551626563072,
                        -0.20997673273086548,
                        -131.9731903076172
                    ],
                    "scale": [
                        1,
                        1,
                        1
                    ],
                    "rotation": 0,
                    "weight": [
                        0,
                        0,
                        0,
                        0
                    ],
                    "weightHard": false,
                    "weightScale": [
                        1,
                        1,
                        1
                    ],
                    "mirrored": true,
                    "twinId": 0,
                    "pathable": false,
                    "flooded": false,
                    "mergeable": false,
                    "no_features": false
                },
                {
                    "proj": "BP_Bend",
                    "spec": "/pa/terrain/lava/brushes/lava_plateau_05.json",
                    "height": 628.7431030273438,
                    "op": "BO_Add",
                    "position": [
                        -443.977783203125,
                        444.22039794921875,
                        29.493331909179688
                    ],
                    "transform": [
                        0.5237144827842712,
                        0.4765457808971405,
                        -0.7061354517936707,
                        -443.977783203125,
                        0.4765457808971405,
                        0.5231938362121582,
                        0.7065213322639465,
                        444.2204284667969,
                        0.7061354517936707,
                        -0.7065213322639465,
                        0.04690825939178467,
                        29.493244171142578
                    ],
                    "scale": [
                        1,
                        1,
                        1
                    ],
                    "rotation": 0,
                    "weight": [
                        0,
                        0,
                        0,
                        0
                    ],
                    "weightHard": false,
                    "weightScale": [
                        1,
                        1,
                        1
                    ],
                    "mirrored": false,
                    "twinId": 0,
                    "pathable": false,
                    "flooded": false,
                    "mergeable": false,
                    "no_features": false
                },
                {
                    "proj": "BP_Bend",
                    "spec": "/pa/terrain/lava/brushes/lava_plateau_05.json",
                    "height": 628.7431030273438,
                    "op": "BO_Add",
                    "position": [
                        -443.977783203125,
                        444.22039794921875,
                        29.493331909179688
                    ],
                    "transform": [
                        0.5237144827842712,
                        0.4765457808971405,
                        -0.7061354517936707,
                        -443.977783203125,
                        0.4765457808971405,
                        0.5231938362121582,
                        0.7065213322639465,
                        444.220458984375,
                        -0.7061354517936707,
                        0.7065213322639465,
                        -0.04690825939178467,
                        -29.493244171142578
                    ],
                    "scale": [
                        1,
                        1,
                        1
                    ],
                    "rotation": 0,
                    "weight": [
                        0,
                        0,
                        0,
                        0
                    ],
                    "weightHard": false,
                    "weightScale": [
                        1,
                        1,
                        1
                    ],
                    "mirrored": true,
                    "twinId": 0,
                    "pathable": false,
                    "flooded": false,
                    "mergeable": false,
                    "no_features": false
                },
                {
                    "proj": "BP_Bend",
                    "spec": "/pa/terrain/lava/brushes/lava_plateau_05.json",
                    "height": 628.4938354492188,
                    "op": "BO_Add",
                    "position": [
                        -487.364013671875,
                        395.75445556640625,
                        29.31317138671875
                    ],
                    "transform": [
                        0.4254770874977112,
                        0.46653011441230774,
                        -0.7754474878311157,
                        -487.36395263671875,
                        0.46653011441230774,
                        0.6211633086204529,
                        0.6296870112419128,
                        395.75439453125,
                        0.7754474878311157,
                        -0.6296870112419128,
                        0.04664039611816406,
                        29.313201904296875
                    ],
                    "scale": [
                        1,
                        1,
                        1
                    ],
                    "rotation": 0,
                    "weight": [
                        0,
                        0,
                        0,
                        0
                    ],
                    "weightHard": false,
                    "weightScale": [
                        1,
                        1,
                        1
                    ],
                    "mirrored": false,
                    "twinId": 0,
                    "pathable": false,
                    "flooded": false,
                    "mergeable": false,
                    "no_features": false
                },
                {
                    "proj": "BP_Bend",
                    "spec": "/pa/terrain/lava/brushes/lava_plateau_05.json",
                    "height": 628.4938354492188,
                    "op": "BO_Add",
                    "position": [
                        -487.364013671875,
                        395.75445556640625,
                        29.31317138671875
                    ],
                    "transform": [
                        0.4254770874977112,
                        0.46653011441230774,
                        -0.7754474878311157,
                        -487.36395263671875,
                        0.46653011441230774,
                        0.6211633086204529,
                        0.6296870112419128,
                        395.75439453125,
                        -0.7754474878311157,
                        0.6296870112419128,
                        -0.04664039611816406,
                        -29.313203811645508
                    ],
                    "scale": [
                        1,
                        1,
                        1
                    ],
                    "rotation": 0,
                    "weight": [
                        0,
                        0,
                        0,
                        0
                    ],
                    "weightHard": false,
                    "weightScale": [
                        1,
                        1,
                        1
                    ],
                    "mirrored": true,
                    "twinId": 0,
                    "pathable": false,
                    "flooded": false,
                    "mergeable": false,
                    "no_features": false
                },
                {
                    "proj": "BP_Bend",
                    "spec": "/pa/terrain/lava/brushes/lava_plateau_04.json",
                    "height": 627.4180297851562,
                    "op": "BO_Add",
                    "position": [
                        -516.9285888671875,
                        355.461181640625,
                        -9.252105712890625
                    ],
                    "transform": [
                        0.31103211641311646,
                        0.4737624228000641,
                        -0.8238980770111084,
                        -516.9285278320312,
                        0.4737624228000641,
                        0.6742216348648071,
                        0.5665459632873535,
                        355.4611511230469,
                        0.8238980770111084,
                        -0.5665459632873535,
                        -0.01474618911743164,
                        -9.25202465057373
                    ],
                    "scale": [
                        1,
                        1,
                        1
                    ],
                    "rotation": 0,
                    "weight": [
                        0,
                        0,
                        0,
                        0
                    ],
                    "weightHard": false,
                    "weightScale": [
                        1,
                        1,
                        1
                    ],
                    "mirrored": false,
                    "twinId": 0,
                    "pathable": false,
                    "flooded": false,
                    "mergeable": false,
                    "no_features": false
                },
                {
                    "proj": "BP_Bend",
                    "spec": "/pa/terrain/lava/brushes/lava_plateau_04.json",
                    "height": 627.4180297851562,
                    "op": "BO_Add",
                    "position": [
                        -516.9285888671875,
                        355.461181640625,
                        -9.252105712890625
                    ],
                    "transform": [
                        0.31103211641311646,
                        0.4737624228000641,
                        -0.8238980770111084,
                        -516.9285278320312,
                        0.4737624228000641,
                        0.6742216348648071,
                        0.5665459632873535,
                        355.4611511230469,
                        -0.8238980770111084,
                        0.5665459632873535,
                        0.01474618911743164,
                        9.252025604248047
                    ],
                    "scale": [
                        1,
                        1,
                        1
                    ],
                    "rotation": 0,
                    "weight": [
                        0,
                        0,
                        0,
                        0
                    ],
                    "weightHard": false,
                    "weightScale": [
                        1,
                        1,
                        1
                    ],
                    "mirrored": true,
                    "twinId": 0,
                    "pathable": false,
                    "flooded": false,
                    "mergeable": false,
                    "no_features": false
                },
                {
                    "proj": "BP_Bend",
                    "spec": "/pa/terrain/lava/brushes/lava_t2_small_2_ramp.json",
                    "height": 629.37939453125,
                    "op": "BO_Add",
                    "position": [
                        -624.0738525390625,
                        81.54837036132812,
                        0.33514404296875
                    ],
                    "transform": [
                        0.13676758110523224,
                        -0.02961045689880848,
                        -1.070895791053772,
                        -624.0739135742188,
                        1.047576904296875,
                        -0.22226230800151825,
                        0.13993506133556366,
                        81.54838562011719,
                        -0.22422531247138977,
                        -1.0564671754837036,
                        0.0005749797564931214,
                        0.3350744843482971
                    ],
                    "scale": [
                        1.0799999237060547,
                        1.0799999237060547,
                        1.0799999237060547
                    ],
                    "rotation": 1.6499987840652466,
                    "weight": [
                        0,
                        0,
                        0,
                        0
                    ],
                    "weightHard": false,
                    "weightScale": [
                        1,
                        1,
                        1
                    ],
                    "mirrored": false,
                    "twinId": 0,
                    "pathable": true,
                    "flooded": false,
                    "mergeable": false,
                    "no_features": false
                },
                {
                    "proj": "BP_Bend",
                    "spec": "/pa/terrain/lava/brushes/lava_plateau_05.json",
                    "height": 629.0907592773438,
                    "op": "BO_Add",
                    "position": [
                        -601.1695556640625,
                        181.28912353515625,
                        -38.53074645996094
                    ],
                    "transform": [
                        0.02721548080444336,
                        0.2933535873889923,
                        -0.9556165933609009,
                        -601.1695556640625,
                        0.2933535873889923,
                        0.9115360975265503,
                        0.28817641735076904,
                        181.28912353515625,
                        0.9556165933609009,
                        -0.28817641735076904,
                        -0.06124842166900635,
                        -38.53081512451172
                    ],
                    "scale": [
                        1,
                        1,
                        1
                    ],
                    "rotation": 0,
                    "weight": [
                        0,
                        0,
                        0,
                        0
                    ],
                    "weightHard": false,
                    "weightScale": [
                        1,
                        1,
                        1
                    ],
                    "mirrored": false,
                    "twinId": 0,
                    "pathable": false,
                    "flooded": false,
                    "mergeable": false,
                    "no_features": false
                },
                {
                    "proj": "BP_Bend",
                    "spec": "/pa/terrain/lava/brushes/lava_plateau_05.json",
                    "height": 629.0907592773438,
                    "op": "BO_Add",
                    "position": [
                        -601.1695556640625,
                        181.28912353515625,
                        -38.53074645996094
                    ],
                    "transform": [
                        0.02721548080444336,
                        0.2933535873889923,
                        -0.9556165933609009,
                        -601.1695556640625,
                        0.2933535873889923,
                        0.9115360975265503,
                        0.28817641735076904,
                        181.28912353515625,
                        -0.9556165933609009,
                        0.28817641735076904,
                        0.06124842166900635,
                        38.53081512451172
                    ],
                    "scale": [
                        1,
                        1,
                        1
                    ],
                    "rotation": 0,
                    "weight": [
                        0,
                        0,
                        0,
                        0
                    ],
                    "weightHard": false,
                    "weightScale": [
                        1,
                        1,
                        1
                    ],
                    "mirrored": true,
                    "twinId": 0,
                    "pathable": false,
                    "flooded": false,
                    "mergeable": false,
                    "no_features": false
                },
                {
                    "proj": "BP_Bend",
                    "spec": "/pa/terrain/lava/brushes/lava_plateau_05.json",
                    "height": 628.4950561523438,
                    "op": "BO_Add",
                    "position": [
                        -626.991455078125,
                        -30.83502197265625,
                        -30.609710693359375
                    ],
                    "transform": [
                        -0.04617273807525635,
                        -0.051450081169605255,
                        -0.9976075291633606,
                        -626.9913940429688,
                        -0.051450081169605255,
                        0.9974697232246399,
                        -0.049061670899391174,
                        -30.835018157958984,
                        0.9976075291633606,
                        0.049061670899391174,
                        -0.04870307445526123,
                        -30.609642028808594
                    ],
                    "scale": [
                        1,
                        1,
                        1
                    ],
                    "rotation": 0,
                    "weight": [
                        0,
                        0,
                        0,
                        0
                    ],
                    "weightHard": false,
                    "weightScale": [
                        1,
                        1,
                        1
                    ],
                    "mirrored": false,
                    "twinId": 0,
                    "pathable": false,
                    "flooded": false,
                    "mergeable": false,
                    "no_features": false
                },
                {
                    "proj": "BP_Bend",
                    "spec": "/pa/terrain/lava/brushes/lava_plateau_05.json",
                    "height": 628.4950561523438,
                    "op": "BO_Add",
                    "position": [
                        -626.991455078125,
                        -30.83502197265625,
                        -30.609710693359375
                    ],
                    "transform": [
                        -0.04617273807525635,
                        -0.051450081169605255,
                        -0.9976075291633606,
                        -626.9913940429688,
                        -0.051450081169605255,
                        0.9974697232246399,
                        -0.049061670899391174,
                        -30.835020065307617,
                        -0.9976075291633606,
                        -0.049061670899391174,
                        0.04870307445526123,
                        30.609643936157227
                    ],
                    "scale": [
                        1,
                        1,
                        1
                    ],
                    "rotation": 0,
                    "weight": [
                        0,
                        0,
                        0,
                        0
                    ],
                    "weightHard": false,
                    "weightScale": [
                        1,
                        1,
                        1
                    ],
                    "mirrored": true,
                    "twinId": 0,
                    "pathable": false,
                    "flooded": false,
                    "mergeable": false,
                    "no_features": false
                },
                {
                    "proj": "BP_Bend",
                    "spec": "/pa/terrain/lava/brushes/lava_plateau_09.json",
                    "height": 629.6838989257812,
                    "op": "BO_Add",
                    "position": [
                        -625.64208984375,
                        4.534151077270508,
                        71.08575439453125
                    ],
                    "transform": [
                        0.1129378080368042,
                        0.006428713910281658,
                        -0.9935812950134277,
                        -625.6421508789062,
                        0.006428713910281658,
                        0.9999533891677856,
                        0.007200678810477257,
                        4.534151554107666,
                        0.9935812950134277,
                        -0.007200678810477257,
                        0.11289119720458984,
                        71.08576965332031
                    ],
                    "scale": [
                        1,
                        1,
                        1
                    ],
                    "rotation": 0,
                    "weight": [
                        0,
                        0,
                        0,
                        0
                    ],
                    "weightHard": false,
                    "weightScale": [
                        1,
                        1,
                        1
                    ],
                    "mirrored": false,
