{
    "name": "Green Hills 7P FFA System",
    "description": "7P FFA only map.Landmass.",
    "creator": "GreatBalancer",
    "version": "1.0",
    "planets": [
        {
            "name": "Green Hills",
            "mass": 10000,
            "position_x": 25300,
            "position_y": -2100,
            "velocity_x": 11.60878849029541,
            "velocity_y": 139.85833740234375,
            "required_thrust_to_move": 0,
            "starting_planet": true,
            "respawn": false,
            "start_destroyed": false,
            "min_spawn_delay": 0,
            "max_spawn_delay": 0,
            "planet": {
                "seed": 1277558400,
                "radius": 705,
                "heightRange": 0,
                "waterHeight": 12,
                "waterDepth": 35,
                "temperature": 80,
                "metalDensity": 0,
                "metalClusters": 176,
                "metalSpotLimit": -1,
                "biomeScale": 50,
                "biome": "grass",
                "symmetryType": "terrain",
                "symmetricalMetal": false,
                "symmetricalStarts": false,
                "numArmies": 2,
                "landingZonesPerArmy": 0,
                "landingZoneSize": 100,
                "heightAdjustments": []
            },
            "planetCSG": [
                {
                    "spec": "/pa/terrain/jungle/brushes/jungle_volcano_06.json",
                    "proj": "BP_Bend",
                    "op": "BO_Add",
                    "position": [
                        77.12451171875,
                        18.769317626953125,
                        702.7763671875
                    ],
                    "height": 707.2446899414062,
                    "transform": [
                        0.9940353035926819,
                        -0.0014515954535454512,
                        0.10904926061630249,
                        77.12451171875,
                        -0.0014515954535454512,
                        0.9996467232704163,
                        0.02653864584863186,
                        18.769315719604492,
                        -0.10904926061630249,
                        -0.02653864584863186,
                        0.9936820268630981,
                        702.7763671875
                    ],
                    "scale": [
                        1,
                        1,
                        1
                    ],
                    "rotation": 0,
                    "weight": [
                        0,
                        0,
                        0,
                        0
                    ],
                    "weightHard": false,
                    "weightScale": [
                        1,
                        1,
                        1
                    ],
                    "mirrored": false,
                    "twinId": 0,
                    "flooded": false,
                    "pathable": false,
                    "mergeable": false,
                    "no_features": false
                },
                {
                    "spec": "/pa/terrain/jungle/brushes/jungle_plateau_06.json",
                    "proj": "BP_Bend",
                    "op": "BO_Add",
                    "position": [
                        170.0723876953125,
                        51.27191162109375,
                        683.6343994140625
                    ],
                    "height": 706.335205078125,
                    "transform": [
                        0.8825665712356567,
                        -0.4038569927215576,
                        0.24078139662742615,
                        170.07237243652344,
                        0.39855870604515076,
                        0.9142657518386841,
                        0.07258863002061844,
                        51.27190399169922,
                        -0.249453604221344,
                        0.03190121799707413,
                        0.9678611755371094,
                        683.6343994140625
                    ],
                    "scale": [
                        1,
                        1,
                        1
                    ],
                    "rotation": 0.4199998676776886,
                    "weight": [
                        0,
                        0,
                        0,
                        0
                    ],
                    "weightHard": false,
                    "weightScale": [
                        1,
                        1,
                        1
                    ],
                    "mirrored": false,
                    "twinId": 0,
                    "flooded": false,
                    "pathable": false,
                    "mergeable": false,
                    "no_features": false
                },
                {
                    "spec": "/pa/terrain/jungle/brushes/jungle_plateau_06.json",
                    "proj": "BP_Bend",
                    "op": "BO_Add",
                    "position": [
                        249.93939208984375,
                        60.92283630371094,
                        655.5345458984375
                    ],
                    "height": 704.20654296875,
                    "transform": [
                        0.8657519817352295,
                        -0.35284969210624695,
                        0.35492339730262756,
                        249.9393768310547,
                        0.3453875780105591,
                        0.9344639778137207,
                        0.0865127220749855,
                        60.92282485961914,
                        -0.3621891438961029,
                        0.04768757522106171,
                        0.9308839440345764,
                        655.5345458984375
                    ],
                    "scale": [
                        1,
                        1,
                        1
                    ],
                    "rotation": 0.3699999153614044,
                    "weight": [
                        0,
                        0,
                        0,
                        0
                    ],
                    "weightHard": false,
                    "weightScale": [
                        1,
                        1,
                        1
                    ],
                    "mirrored": false,
                    "twinId": 0,
                    "flooded": false,
                    "pathable": false,
                    "mergeable": false,
                    "no_features": false
                },
                {
                    "spec": "/pa/terrain/jungle/brushes/jungle_plateau_06.json",
                    "proj": "BP_Bend",
                    "op": "BO_Add",
                    "position": [
                        327.23638916015625,
                        65.71414184570312,
                        619.417236328125
                    ],
                    "height": 703.6190185546875,
                    "transform": [
                        0.7518799901008606,
                        -0.4673120975494385,
                        0.46507611870765686,
                        327.23638916015625,
                        0.4832572638988495,
                        0.8704825043678284,
                        0.09339450299739838,
                        65.71414947509766,
                        -0.44848501682281494,
                        0.15452995896339417,
                        0.8803304433822632,
                        619.417236328125
                    ],
                    "scale": [
                        1,
                        1,
                        1
                    ],
                    "rotation": 0.5299997925758362,
                    "weight": [
                        0,
                        0,
                        0,
                        0
                    ],
                    "weightHard": false,
                    "weightScale": [
                        1,
                        1,
                        1
                    ],
                    "mirrored": false,
                    "twinId": 0,
                    "flooded": false,
                    "pathable": false,
                    "mergeable": false,
                    "no_features": false
                },
                {
                    "spec": "/pa/terrain/jungle/brushes/jungle_plateau_06.json",
                    "proj": "BP_Bend",
                    "op": "BO_Add",
                    "position": [
                        393.7711181640625,
                        90.17111206054688,
                        576.2141723632812
                    ],
                    "height": 703.7111206054688,
                    "transform": [
                        0.7575712203979492,
                        -0.3361167013645172,
                        0.5595636367797852,
                        393.7711486816406,
                        0.32159730792045593,
                        0.9381664395332336,
                        0.1281365305185318,
                        90.17110443115234,
                        -0.5680326223373413,
                        0.08288160711526871,
                        0.8188220858573914,
                        576.2142333984375
                    ],
                    "scale": [
                        1,
                        1,
                        1
                    ],
                    "rotation": 0.3699999153614044,
                    "weight": [
                        0,
                        0,
                        0,
                        0
                    ],
                    "weightHard": false,
                    "weightScale": [
                        1,
                        1,
                        1
                    ],
                    "mirrored": false,
                    "twinId": 0,
                    "flooded": false,
                    "pathable": false,
                    "mergeable": false,
                    "no_features": false
                },
                {
                    "spec": "/pa/terrain/jungle/brushes/jungle_plateau_06.json",
                    "proj": "BP_Bend",
                    "op": "BO_Add",
                    "position": [
                        458.992919921875,
                        99.59335327148438,
                        525.6240234375
                    ],
                    "height": 704.8928833007812,
                    "transform": [
                        0.61347496509552,
                        -0.44682061672210693,
                        0.6511526703834534,
                        458.9928894042969,
                        0.4804597795009613,
                        0.8655610084533691,
                        0.1412886381149292,
                        99.59335327148438,
                        -0.6267430186271667,
                        0.22617562115192413,
                        0.7456793785095215,
                        525.6240844726562
                    ],
                    "scale": [
                        1,
                        1,
                        1
                    ],
                    "rotation": 0.5599997639656067,
                    "weight": [
                        0,
                        0,
                        0,
                        0
                    ],
                    "weightHard": false,
                    "weightScale": [
                        1,
                        1,
                        1
                    ],
                    "mirrored": false,
                    "twinId": 0,
                    "flooded": false,
                    "pathable": false,
                    "mergeable": false,
                    "no_features": false
                },
                {
                    "spec": "/pa/terrain/jungle/brushes/jungle_plateau_06.json",
                    "proj": "BP_Bend",
                    "op": "BO_Add",
                    "position": [
                        519.6240234375,
                        108.159912109375,
                        464.5174560546875
                    ],
                    "height": 705.3255615234375,
                    "transform": [
                        0.5615453720092773,
                        -0.3767194449901581,
                        0.7367152571678162,
                        519.6240844726562,
                        0.4038536250591278,
                        0.9018795490264893,
                        0.15334750711917877,
                        108.15991973876953,
                        -0.722197413444519,
                        0.21141356229782104,
                        0.658585786819458,
                        464.51739501953125
                    ],
                    "scale": [
                        1,
                        1,
                        1
                    ],
                    "rotation": 0.48999980092048645,
                    "weight": [
                        0,
                        0,
                        0,
                        0
                    ],
                    "weightHard": false,
                    "weightScale": [
                        1,
                        1,
                        1
                    ],
                    "mirrored": false,
                    "twinId": 0,
                    "flooded": false,
                    "pathable": false,
                    "mergeable": false,
                    "no_features": false
                },
                {
                    "spec": "/pa/terrain/jungle/brushes/jungle_plateau_06.json",
                    "proj": "BP_Bend",
                    "op": "BO_Add",
                    "position": [
                        566.5501708984375,
                        117.85317993164062,
                        400.992919921875
                    ],
                    "height": 704.033935546875,
                    "transform": [
                        0.41143518686294556,
                        -0.427956759929657,
                        0.8047199249267578,
                        566.5501098632812,
                        0.5343694686889648,
                        0.8285092115402222,
                        0.16739700734615326,
                        117.8531723022461,
                        -0.7383565306663513,
                        0.3611447215080261,
                        0.5695648193359375,
                        400.9929504394531
                    ],
                    "scale": [
                        1,
                        1,
                        1
                    ],
                    "rotation": 0.659999668598175,
                    "weight": [
                        0,
                        0,
                        0,
                        0
                    ],
                    "weightHard": false,
                    "weightScale": [
                        1,
                        1,
                        1
                    ],
                    "mirrored": false,
                    "twinId": 0,
                    "flooded": false,
                    "pathable": false,
                    "mergeable": false,
                    "no_features": false
                },
                {
                    "spec": "/pa/terrain/jungle/brushes/jungle_plateau_06.json",
                    "proj": "BP_Bend",
                    "op": "BO_Add",
                    "position": [
                        602.755615234375,
                        131.42852783203125,
                        335.75433349609375
                    ],
                    "height": 702.3665771484375,
                    "transform": [
                        0.35645508766174316,
                        -0.36941859126091003,
                        0.8581780791282654,
                        602.755615234375,
                        0.4529010057449341,
                        0.8717028498649597,
                        0.1871224045753479,
                        131.42852783203125,
                        -0.8172027468681335,
                        0.3219689726829529,
                        0.47803300619125366,
                        335.75439453125
                    ],
                    "scale": [
                        1,
                        1,
                        1
                    ],
                    "rotation": 0.5899997353553772,
                    "weight": [
                        0,
                        0,
                        0,
                        0
                    ],
                    "weightHard": false,
                    "weightScale": [
                        1,
                        1,
                        1
                    ],
                    "mirrored": false,
                    "twinId": 0,
                    "flooded": false,
                    "pathable": false,
                    "mergeable": false,
                    "no_features": false
                },
                {
                    "spec": "/pa/terrain/jungle/brushes/jungle_plateau_06.json",
                    "proj": "BP_Bend",
                    "op": "BO_Add",
                    "position": [
                        624.322021484375,
                        141.68128967285156,
                        288.14544677734375
                    ],
                    "height": 702.0537109375,
                    "transform": [
                        0.1520380675792694,
                        -0.4313538670539856,
                        0.8892796635627747,
                        624.3220825195312,
                        0.7159130573272705,
                        0.6683871746063232,
                        0.20180976390838623,
                        141.68128967285156,
                        -0.6814345121383667,
                        0.6059641242027283,
                        0.4104321599006653,
                        288.1454162597656
                    ],
                    "scale": [
                        1,
                        1,
                        1
                    ],
                    "rotation": 0.9499993920326233,
                    "weight": [
                        0,
                        0,
                        0,
                        0
                    ],
                    "weightHard": false,
                    "weightScale": [
                        1,
                        1,
                        1
                    ],
                    "mirrored": false,
                    "twinId": 0,
                    "flooded": false,
                    "pathable": false,
                    "mergeable": false,
                    "no_features": false
                },
                {
                    "spec": "/pa/terrain/jungle/brushes/jungle_plateau_06.json",
                    "proj": "BP_Bend",
                    "op": "BO_Add",
                    "position": [
                        146.3973388671875,
                        -66.6756591796875,
                        687.2838134765625
                    ],
                    "height": 705.8589477539062,
                    "transform": [
                        0.8584311604499817,
                        0.46912682056427,
                        0.20740307867527008,
                        146.39732360839844,
                        -0.4597398042678833,
                        0.8830156922340393,
                        -0.09446029365062714,
                        -66.67564392089844,
                        -0.2274540215730667,
                        -0.014263786375522614,
                        0.9736843705177307,
                        687.2838134765625
                    ],
                    "scale": [
                        1,
                        1,
                        1
                    ],
                    "rotation": -0.48999980092048645,
                    "weight": [
                        0,
                        0,
                        0,
                        0
                    ],
                    "weightHard": false,
                    "weightScale": [
                        1,
                        1,
                        1
                    ],
                    "mirrored": false,
                    "twinId": 0,
                    "flooded": false,
                    "pathable": false,
                    "mergeable": false,
                    "no_features": false
                },
                {
                    "spec": "/pa/terrain/jungle/brushes/jungle_plateau_06.json",
                    "proj": "BP_Bend",
                    "op": "BO_Add",
                    "position": [
                        221.05804443359375,
                        -130.310791015625,
                        656.7562255859375
                    ],
                    "height": 705.1072998046875,
                    "transform": [
                        0.9491109848022461,
                        0.02999839186668396,
                        0.31350985169410706,
                        221.05809020996094,
                        0.02999839186668396,
                        0.9823163747787476,
                        -0.18480990827083588,
                        -130.31082153320312,
                        -0.31350985169410706,
                        0.18480990827083588,
                        0.9314273595809937,
                        656.7562255859375
                    ],
                    "scale": [
                        1,
                        1,
                        1
                    ],
                    "rotation": 0,
                    "weight": [
                        0,
                        0,
                        0,
                        0
                    ],
                    "weightHard": false,
                    "weightScale": [
                        1,
                        1,
                        1
                    ],
                    "mirrored": false,
                    "twinId": 0,
                    "flooded": false,
                    "pathable": false,
                    "mergeable": false,
                    "no_features": false
                },
                {
                    "spec": "/pa/terrain/jungle/brushes/jungle_plateau_06.json",
                    "proj": "BP_Bend",
                    "op": "BO_Add",
                    "position": [
                        296.063720703125,
                        -181.6998291015625,
                        611.8798828125
                    ],
                    "height": 703.6089477539062,
                    "transform": [
                        0.9052996039390564,
                        0.05811941623687744,
                        0.4207787811756134,
                        296.063720703125,
                        0.05811941623687744,
                        0.9643310308456421,
                        -0.2582398056983948,
                        -181.69984436035156,
                        -0.4207787811756134,
                        0.2582398056983948,
                        0.8696305751800537,
                        611.8798828125
                    ],
                    "scale": [
                        1,
                        1,
                        1
                    ],
                    "rotation": 0,
                    "weight": [
                        0,
                        0,
                        0,
                        0
                    ],
                    "weightHard": false,
                    "weightScale": [
                        1,
                        1,
                        1
                    ],
                    "mirrored": false,
                    "twinId": 0,
                    "flooded": false,
                    "pathable": false,
                    "mergeable": false,
                    "no_features": false
                },
                {
                    "spec": "/pa/terrain/jungle/brushes/jungle_plateau_06.json",
                    "proj": "BP_Bend",
                    "op": "BO_Add",
                    "position": [
                        354.0975341796875,
                        -231.5413818359375,
                        561.1295776367188
                    ],
                    "height": 702.7537841796875,
                    "transform": [
                        0.8588322401046753,
                        0.0923084020614624,
                        0.5038713216781616,
                        354.09747314453125,
                        0.0923084020614624,
                        0.9396402835845947,
                        -0.3294772207736969,
                        -231.54136657714844,
                        -0.5038713216781616,
                        0.3294772207736969,
                        0.7984725832939148,
                        561.129638671875
                    ],
                    "scale": [
                        1,
                        1,
                        1
                    ],
                    "rotation": 0,
                    "weight": [
                        0,
                        0,
                        0,
                        0
                    ],
                    "weightHard": false,
                    "weightScale": [
                        1,
                        1,
                        1
                    ],
                    "mirrored": false,
                    "twinId": 0,
                    "flooded": false,
                    "pathable": false,
                    "mergeable": false,
                    "no_features": false
                },
                {
                    "spec": "/pa/terrain/jungle/brushes/jungle_plateau_06.json",
                    "proj": "BP_Bend",
                    "op": "BO_Add",
                    "position": [
                        401.32763671875,
                        -283.9156494140625,
                        503.26422119140625
                    ],
                    "height": 703.5245971679688,
                    "transform": [
                        0.8102911710739136,
                        0.1342078298330307,
                        0.5704529285430908,
                        401.3276672363281,
                        0.1342078298330307,
                        0.9050558805465698,
                        -0.4035618305206299,
                        -283.9156799316406,
                        -0.5704529285430908,
                        0.4035618305206299,
                        0.7153470516204834,
                        503.2642517089844
                    ],
                    "scale": [
                        1,
                        1,
                        1
                    ],
                    "rotation": 0,
                    "weight": [
                        0,
                        0,
                        0,
                        0
                    ],
                    "weightHard": false,
                    "weightScale": [
                        1,
                        1,
                        1
                    ],
                    "mirrored": false,
                    "twinId": 0,
                    "flooded": false,
                    "pathable": false,
                    "mergeable": false,
                    "no_features": false
                },
                {
                    "spec": "/pa/terrain/jungle/brushes/jungle_plateau_06.json",
                    "proj": "BP_Bend",
                    "op": "BO_Add",
                    "position": [
                        445.124755859375,
                        -331.36041259765625,
                        434.5164794921875
                    ],
                    "height": 704.798095703125,
                    "transform": [
                        0.7532511353492737,
                        0.18368513882160187,
                        0.6315635442733765,
                        445.1247863769531,
                        0.18368513882160187,
                        0.8632608652114868,
                        -0.4701494574546814,
                        -331.3604431152344,
                        -0.6315635442733765,
                        0.4701494574546814,
                        0.6165120005607605,
                        434.5164794921875
                    ],
                    "scale": [
                        1,
                        1,
                        1
                    ],
                    "rotation": 0,
                    "weight": [
                        0,
                        0,
                        0,
                        0
                    ],
                    "weightHard": false,
                    "weightScale": [
                        1,
                        1,
                        1
                    ],
                    "mirrored": false,
                    "twinId": 0,
                    "flooded": false,
                    "pathable": false,
                    "mergeable": false,
                    "no_features": false
                },
                {
                    "spec": "/pa/terrain/jungle/brushes/jungle_plateau_06.json",
                    "proj": "BP_Bend",
                    "op": "BO_Add",
                    "position": [
                        476.1636962890625,
                        -374.8065185546875,
                        360.570068359375
                    ],
                    "height": 705.1400756835938,
                    "transform": [
                        0.6982842683792114,
                        0.23749195039272308,
                        0.6752752661705017,
                        476.1636657714844,
                        0.23749195039272308,
                        0.8130610585212708,
                        -0.5315348505973816,
                        -374.8065185546875,
                        -0.6752752661705017,
                        0.5315348505973816,
                        0.5113452672958374,
                        360.5700378417969
                    ],
                    "scale": [
                        1,
                        1,
                        1
                    ],
                    "rotation": 0,
                    "weight": [
                        0,
                        0,
                        0,
                        0
                    ],
                    "weightHard": false,
                    "weightScale": [
                        1,
                        1,
                        1
                    ],
                    "mirrored": false,
                    "twinId": 0,
                    "flooded": false,
                    "pathable": false,
                    "mergeable": false,
                    "no_features": false
                },
                {
                    "spec": "/pa/terrain/jungle/brushes/jungle_plateau_06.json",
                    "proj": "BP_Bend",
                    "op": "BO_Add",
                    "position": [
                        500.21533203125,
                        -396.91192626953125,
                        300.53643798828125
                    ],
                    "height": 705.7454223632812,
                    "transform": [
                        0.6476726531982422,
                        0.2795654535293579,
                        0.7087759971618652,
                        500.2154235839844,
                        0.2795654535293579,
                        0.7781698107719421,
                        -0.5624010562896729,
                        -396.9119567871094,
                        -0.7087759971618652,
                        0.5624010562896729,
                        0.4258424639701843,
                        300.536376953125
                    ],
                    "scale": [
                        1,
                        1,
                        1
                    ],
                    "rotation": 0,
                    "weight": [
                        0,
                        0,
                        0,
                        0
                    ],
                    "weightHard": false,
                    "weightScale": [
                        1,
                        1,
                        1
                    ],
                    "mirrored": false,
                    "twinId": 0,
                    "flooded": false,
                    "pathable": false,
                    "mergeable": false,
                    "no_features": false
                },
                {
                    "spec": "/pa/terrain/jungle/brushes/jungle_plateau_06.json",
                    "proj": "BP_Bend",
                    "op": "BO_Add",
                    "position": [
                        41.28192138671875,
                        -65.6380615234375,
                        702.5382080078125
                    ],
                    "height": 706.804443359375,
                    "transform": [
                        0.5201531648635864,
                        0.8520735502243042,
                        0.05840643495321274,
                        41.28192901611328,
                        -0.8469986319541931,
                        0.5234207510948181,
                        -0.0928659588098526,
                        -65.63806915283203,
                        -0.10969976335763931,
                        -0.0011656470596790314,
                        0.9939640760421753,
                        702.5382080078125
                    ],
                    "scale": [
                        1,
                        1,
                        1
                    ],
                    "rotation": -1.019999384880066,
                    "weight": [
                        0,
                        0,
                        0,
                        0
                    ],
                    "weightHard": false,
                    "weightScale": [
                        1,
                        1,
                        1
                    ],
                    "mirrored": false,
                    "twinId": 0,
                    "flooded": false,
                    "pathable": false,
                    "mergeable": false,
                    "no_features": false
                },
                {
                    "spec": "/pa/terrain/jungle/brushes/jungle_plateau_06.json",
                    "proj": "BP_Bend",
                    "op": "BO_Add",
                    "position": [
                        32.74797058105469,
                        -159.9801025390625,
                        685.9666748046875
                    ],
                    "height": 705.1356811523438,
                    "transform": [
                        0.4923947751522064,
                        0.8691321015357971,
                        0.04644208773970604,
                        32.74797439575195,
                        -0.8421329259872437,
                        0.48922204971313477,
                        -0.22687849402427673,
                        -159.98011779785156,
                        -0.21990785002708435,
                        0.07260337471961975,
                        0.9728151559829712,
                        685.9666748046875
                    ],
                    "scale": [
                        1,
                        1,
                        1
                    ],
                    "rotation": -1.0499993562698364,
                    "weight": [
                        0,
                        0,
                        0,
                        0
                    ],
                    "weightHard": false,
                    "weightScale": [
                        1,
                        1,
                        1
                    ],
                    "mirrored": false,
                    "twinId": 0,
                    "flooded": false,
                    "pathable": false,
                    "mergeable": false,
                    "no_features": false
                },
                {
                    "spec": "/pa/terrain/jungle/brushes/jungle_plateau_06.json",
                    "proj": "BP_Bend",
                    "op": "BO_Add",
                    "position": [
                        20.0552978515625,
                        -242.9310302734375,
                        659.7418212890625
                    ],
                    "height": 703.332763671875,
                    "transform": [
                        0.4666491150856018,
                        0.8839827179908752,
                        0.028514666482806206,
                        20.055299758911133,
                        -0.8252705335617065,
                        0.44679689407348633,
                        -0.3453998863697052,
                        -242.93106079101562,
                        -0.3180677890777588,
                        0.13764823973178864,
                        0.9380223155021667,
                        659.7418212890625
                    ],
                    "scale": [
                        1,
                        1,
                        1
                    ],
                    "rotation": -1.079999327659607,
                    "weight": [
                        0,
                        0,
                        0,
                        0
                    ],
                    "weightHard": false,
                    "weightScale": [
                        1,
                        1,
                        1
                    ],
                    "mirrored": false,
                    "twinId": 0,
                    "flooded": false,
                    "pathable": false,
                    "mergeable": false,
                    "no_features": false
                },
                {
                    "spec": "/pa/terrain/jungle/brushes/jungle_plateau_06.json",
                    "proj": "BP_Bend",
                    "op": "BO_Add",
                    "position": [
                        2.9429473876953125,
                        -327.31884765625,
                        622.630126953125
                    ],
                    "height": 703.4305419921875,
                    "transform": [
                        0.5053254961967468,
                        0.8629186749458313,
                        0.004183707758784294,
                        2.9429478645324707,
                        -0.76282799243927,
                        0.44896838068962097,
                        -0.4653179943561554,
                        -327.3188781738281,
                        -0.4034099280834198,
                        0.23194560408592224,
                        0.8851337432861328,
                        622.630126953125
                    ],
                    "scale": [
                        1,
                        1,
                        1
                    ],
                    "rotation": -1.0399993658065796,
                    "weight": [
                        0,
                        0,
                        0,
                        0
                    ],
                    "weightHard": false,
                    "weightScale": [
                        1,
                        1,
                        1
                    ],
                    "mirrored": false,
