{
    "name": "Kalivala 9P System V4",
    "description": "9 Players FFA or 3vs3vs3 map. If you choose team game, each team start on own planet.",
    "creator": "GreatBalancer",
    "version": "1.0",
    "planets": [
        {
            "name": "Knaar",
            "mass": 20000,
            "position_x": 25499.99609375,
            "position_y": -12100.0009765625,
            "velocity_x": 57.05788803100586,
            "velocity_y": 120.2459487915039,
            "required_thrust_to_move": 0,
            "starting_planet": true,
            "respawn": false,
            "start_destroyed": false,
            "min_spawn_delay": 0,
            "max_spawn_delay": 0,
            "planet": {
                "seed": 1416852736,
                "radius": 600,
                "heightRange": 0,
                "waterHeight": 0,
                "waterDepth": 0,
                "temperature": 50,
                "metalDensity": 0,
                "metalClusters": 0,
                "metalSpotLimit": -1,
                "biomeScale": 50,
                "biome": "lava",
                "symmetryType": "none",
                "symmetricalMetal": false,
                "symmetricalStarts": false,
                "numArmies": 2,
                "landingZonesPerArmy": 0,
                "landingZoneSize": 0,
                "heightAdjustments": []
            },
            "planetCSG": [
                {
                    "proj": "BP_Bend",
                    "spec": "/pa/terrain/metal/brushes/metal_cap_01.json",
                    "height": 599.6989135742188,
                    "op": "BO_Add",
                    "position": [
                        0,
                        0,
                        599.6989135742188
                    ],
                    "transform": [
                        2,
                        0,
                        0,
                        0,
                        0,
                        2,
                        0,
                        0,
                        0,
                        0,
                        2,
                        599.6989135742188
                    ],
                    "scale": [
                        2,
                        2,
                        2
                    ],
                    "rotation": 0,
                    "weight": [
                        1,
                        1,
                        1,
                        1
                    ],
                    "weightHard": true,
                    "weightScale": [
                        1,
                        1,
                        1
                    ],
                    "mirrored": false,
                    "twinId": 0,
                    "pathable": false,
                    "flooded": false,
                    "mergeable": false,
                    "no_features": false
                },
                {
                    "proj": "BP_Bend",
                    "spec": "/pa/terrain/metal/brushes/metal_cap_01.json",
                    "height": 599.6989135742188,
                    "op": "BO_Add",
                    "position": [
                        0,
                        0,
                        -599.6989135742188
                    ],
                    "transform": [
                        -2,
                        0,
                        0,
                        0,
                        0,
                        2,
                        0,
                        0,
                        0,
                        0,
                        -2,
                        -599.6989135742188
                    ],
                    "scale": [
                        2,
                        2,
                        2
                    ],
                    "rotation": 0,
                    "weight": [
                        1,
                        1,
                        1,
                        1
                    ],
                    "weightHard": true,
                    "weightScale": [
                        1,
                        1,
                        1
                    ],
                    "mirrored": false,
                    "twinId": 0,
                    "pathable": false,
                    "flooded": false,
                    "mergeable": false,
                    "no_features": false
                },
                {
                    "proj": "BP_LongitudePinch",
                    "spec": "/pa/terrain/metal/brushes/metal_trench_11.json",
                    "height": 599.9169921875,
                    "op": "BO_Add",
                    "position": [
                        424.2053527832031,
                        424.2053527832031,
                        0
                    ],
                    "transform": [
                        0.7071067690849304,
                        5.960464477539063e-8,
                        0.7071067094802856,
                        424.205322265625,
                        -0.7071067690849304,
                        5.960464477539063e-8,
                        0.7071067094802856,
                        424.205322265625,
                        0,
                        -0.9999998807907104,
                        1.1920928955078125e-7,
                        0.00007151567842811346
                    ],
                    "scale": [
                        1,
                        1,
                        1
                    ],
                    "rotation": -0.7853981852531433,
                    "weight": [
                        1,
                        1,
                        1,
                        1
                    ],
                    "weightHard": true,
                    "weightScale": [
                        1,
                        1,
                        1
                    ],
                    "mirrored": false,
                    "twinId": 0,
                    "pathable": false,
                    "flooded": false,
                    "mergeable": false,
                    "no_features": false
                },
                {
                    "proj": "BP_LongitudePinch",
                    "spec": "/pa/terrain/metal/brushes/metal_trench_11.json",
                    "height": 599.9169921875,
                    "op": "BO_Add",
                    "position": [
                        -424.2053527832031,
                        -424.2053527832031,
                        0
                    ],
                    "transform": [
                        0.7071067690849304,
                        5.960464477539063e-8,
                        -0.7071067094802856,
                        -424.205322265625,
                        -0.7071067690849304,
                        5.960464477539063e-8,
                        -0.7071067094802856,
                        -424.205322265625,
                        0,
                        0.9999998807907104,
                        1.1920928955078125e-7,
                        0.00007151567842811346
                    ],
                    "scale": [
                        1,
                        1,
                        1
                    ],
                    "rotation": -0.7853981852531433,
                    "weight": [
                        1,
                        1,
                        1,
                        1
                    ],
                    "weightHard": true,
                    "weightScale": [
                        1,
                        1,
                        1
                    ],
                    "mirrored": false,
                    "twinId": 0,
                    "pathable": false,
                    "flooded": false,
                    "mergeable": false,
                    "no_features": false
                },
                {
                    "proj": "BP_LongitudePinch",
                    "spec": "/pa/terrain/metal/brushes/metal_trench_11.json",
                    "height": 599.9169921875,
                    "op": "BO_Add",
                    "position": [
                        424.2053527832031,
                        -424.2053527832031,
                        0
                    ],
                    "transform": [
                        0.7071067690849304,
                        -5.960464477539063e-8,
                        0.7071067094802856,
                        424.205322265625,
                        0.7071067690849304,
                        5.960464477539063e-8,
                        -0.7071067094802856,
                        -424.205322265625,
                        0,
                        0.9999998807907104,
                        1.1920928955078125e-7,
                        0.00007151567842811346
                    ],
                    "scale": [
                        1,
                        1,
                        1
                    ],
                    "rotation": 0.7853981852531433,
                    "weight": [
                        1,
                        1,
                        1,
                        1
                    ],
                    "weightHard": true,
                    "weightScale": [
                        1,
                        1,
                        1
                    ],
                    "mirrored": false,
                    "twinId": 0,
                    "pathable": false,
                    "flooded": false,
                    "mergeable": false,
                    "no_features": false
                },
                {
                    "proj": "BP_LongitudePinch",
                    "spec": "/pa/terrain/metal/brushes/metal_trench_11.json",
                    "height": 599.9169921875,
                    "op": "BO_Add",
                    "position": [
                        -424.2053527832031,
                        424.2053527832031,
                        0
                    ],
                    "transform": [
                        0.7071067690849304,
                        -5.960464477539063e-8,
                        -0.7071067094802856,
                        -424.205322265625,
                        0.7071067690849304,
                        5.960464477539063e-8,
                        0.7071067094802856,
                        424.205322265625,
                        0,
                        -0.9999998807907104,
                        1.1920928955078125e-7,
                        0.00007151567842811346
                    ],
                    "scale": [
                        1,
                        1,
                        1
                    ],
                    "rotation": 0.7853981852531433,
                    "weight": [
                        1,
                        1,
                        1,
                        1
                    ],
                    "weightHard": true,
                    "weightScale": [
                        1,
                        1,
                        1
                    ],
                    "mirrored": false,
                    "twinId": 0,
                    "pathable": false,
                    "flooded": false,
                    "mergeable": false,
                    "no_features": false
                },
                {
                    "proj": "BP_LongitudePinch",
                    "spec": "/pa/terrain/metal/brushes/metal_structure_01.json",
                    "height": 599.91796875,
                    "op": "BO_Add",
                    "position": [
                        -418.2263488769531,
                        418.2263488769531,
                        -100.37432098388672
                    ],
                    "transform": [
                        0.7071067690849304,
                        0.11830836534500122,
                        -0.6971392631530762,
                        -418.22637939453125,
                        0.7071067690849304,
                        -0.11830836534500122,
                        0.6971392631530762,
                        418.22637939453125,
                        0,
                        -0.985903799533844,
                        -0.1673133373260498,
                        -100.37427520751953
                    ],
                    "scale": [
                        1,
                        1,
                        1
                    ],
                    "rotation": 0.7853981852531433,
                    "weight": [
                        1,
                        1,
                        1,
                        1
                    ],
                    "weightHard": true,
                    "weightScale": [
                        1,
                        1,
                        1
                    ],
                    "mirrored": false,
                    "twinId": 0,
                    "pathable": true,
                    "flooded": false,
                    "mergeable": true,
                    "no_features": false
                },
                {
                    "proj": "BP_LongitudePinch",
                    "spec": "/pa/terrain/metal/brushes/metal_structure_02.json",
                    "height": 600,
                    "op": "BO_Add",
                    "position": [
                        -366.4435729980469,
                        33.4743766784668,
                        -473.9183349609375
                    ],
                    "transform": [
                        -0.7865889072418213,
                        0.09097056090831757,
                        -0.6107392907142639,
                        -366.4435729980469,
                        0.071854367852211,
                        0.9958535432815552,
                        0.055790629237890244,
                        33.4743766784668,
                        0.6132822036743164,
                        3.725290298461914e-9,
                        -0.7898639440536499,
                        -473.9183654785156
                    ],
                    "scale": [
                        1,
                        1,
                        1
                    ],
                    "rotation": -0.09109652042388916,
                    "weight": [
                        1,
                        1,
                        1,
                        1
                    ],
                    "weightHard": true,
                    "weightScale": [
                        6,
                        6,
                        6
                    ],
                    "mirrored": false,
                    "twinId": 0,
                    "pathable": true,
                    "flooded": false,
                    "mergeable": true,
                    "no_features": false
                },
                {
                    "proj": "BP_LongitudePinch",
                    "spec": "/pa/terrain/metal/brushes/metal_structure_02.json",
                    "height": 600,
                    "op": "BO_Add",
                    "position": [
                        -366.4435729980469,
                        -33.4743766784668,
                        473.9183349609375
                    ],
                    "transform": [
                        0.786588728427887,
                        -0.09097057580947876,
                        -0.6107393503189087,
                        -366.443603515625,
                        0.071854367852211,
                        0.9958536028862,
                        -0.05579063296318054,
                        -33.47438049316406,
                        0.613282322883606,
                        -7.450580596923828e-9,
                        0.7898638248443604,
                        473.9183044433594
                    ],
                    "scale": [
                        1,
                        1,
                        1
                    ],
                    "rotation": 0.09109652042388916,
                    "weight": [
                        1,
                        1,
                        1,
                        1
                    ],
                    "weightHard": true,
                    "weightScale": [
                        6,
                        6,
                        6
                    ],
                    "mirrored": false,
                    "twinId": 0,
                    "pathable": true,
                    "flooded": false,
                    "mergeable": true,
                    "no_features": false
                },
                {
                    "proj": "BP_LongitudePinch",
                    "spec": "/pa/terrain/metal/brushes/metal_structure_02.json",
                    "height": 600.0000610351562,
                    "op": "BO_Add",
                    "position": [
                        -76.63239288330078,
                        -354.1619873046875,
                        478.22259521484375
                    ],
                    "transform": [
                        0.16855952143669128,
                        -0.9773817658424377,
                        -0.12772062420845032,
                        -76.63238525390625,
                        0.779009997844696,
                        0.21148255467414856,
                        -0.5902698636054993,
                        -354.1619567871094,
                        0.6039296984672546,
                        -2.9802322387695312e-8,
                        0.7970376014709473,
                        478.22259521484375
                    ],
                    "scale": [
                        1,
                        1,
                        1
                    ],
                    "rotation": 1.357704758644104,
                    "weight": [
                        1,
                        1,
                        1,
                        1
                    ],
                    "weightHard": true,
                    "weightScale": [
                        6,
                        6,
                        6
                    ],
                    "mirrored": false,
                    "twinId": 0,
                    "pathable": true,
                    "flooded": false,
                    "mergeable": true,
                    "no_features": false
                },
                {
                    "proj": "BP_LongitudePinch",
                    "spec": "/pa/terrain/metal/brushes/metal_structure_02.json",
                    "height": 600.0000610351562,
                    "op": "BO_Add",
                    "position": [
                        95.31060791015625,
                        -576.1653442382812,
                        -137.65699768066406
                    ],
                    "transform": [
                        0.03744383156299591,
                        -0.9865922331809998,
                        0.15885098278522491,
                        95.31060028076172,
                        -0.2263520061969757,
                        -0.16320441663265228,
                        -0.9602753520011902,
                        -576.165283203125,
                        0.9733254313468933,
                        1.6391277313232422e-7,
                        -0.22942817211151123,
                        -137.65692138671875
                    ],
                    "scale": [
                        1,
                        1,
                        1
                    ],
                    "rotation": -4.5484514236450195,
                    "weight": [
                        1,
                        1,
                        1,
                        1
                    ],
                    "weightHard": true,
                    "weightScale": [
                        6,
                        6,
                        6
                    ],
                    "mirrored": false,
                    "twinId": 0,
                    "pathable": true,
                    "flooded": false,
                    "mergeable": true,
                    "no_features": false
                },
                {
                    "proj": "BP_LongitudePinch",
                    "spec": "/pa/terrain/metal/brushes/metal_structure_02.json",
                    "height": 600,
                    "op": "BO_Add",
                    "position": [
                        144.1558837890625,
                        -328.0406799316406,
                        -481.2571105957031
                    ],
                    "transform": [
                        0.3226932883262634,
                        -0.9155021905899048,
                        0.2402597963809967,
                        144.1558837890625,
                        -0.7343199253082275,
                        -0.4023129940032959,
                        -0.5467343926429749,
                        -328.0406799316406,
                        0.5971962213516235,
                        -2.9802322387695312e-8,
                        -0.8020951151847839,
                        -481.2571105957031
                    ],
                    "scale": [
                        1,
                        1,
                        1
                    ],
                    "rotation": -4.298346996307373,
                    "weight": [
                        1,
                        1,
                        1,
                        1
                    ],
                    "weightHard": true,
                    "weightScale": [
                        6,
                        6,
                        6
                    ],
                    "mirrored": false,
                    "twinId": 0,
                    "pathable": true,
                    "flooded": false,
                    "mergeable": true,
                    "no_features": false
                },
                {
                    "proj": "BP_LongitudePinch",
                    "spec": "/pa/terrain/metal/brushes/metal_structure_02.json",
                    "height": 600,
                    "op": "BO_Add",
                    "position": [
                        -460.13104248046875,
                        303.4690246582031,
                        -237.0359649658203
                    ],
                    "transform": [
                        -0.3297923505306244,
                        0.5505673289299011,
                        -0.766884982585907,
                        -460.1309814453125,
                        0.217507004737854,
                        0.8347907066345215,
                        0.5057816505432129,
                        303.468994140625,
                        0.9186553359031677,
                        5.960464477539063e-8,
                        -0.39505982398986816,
                        -237.035888671875
                    ],
                    "scale": [
                        1,
                        1,
                        1
                    ],
                    "rotation": -0.5830437541007996,
                    "weight": [
                        1,
                        1,
                        1,
                        1
                    ],
                    "weightHard": true,
                    "weightScale": [
                        6,
                        6,
                        6
                    ],
                    "mirrored": false,
                    "twinId": 0,
                    "pathable": true,
                    "flooded": false,
                    "mergeable": true,
                    "no_features": false
                },
                {
                    "proj": "BP_Bend",
                    "spec": "/pa/terrain/metal/brushes/metal_structure_06.json",
                    "height": 599.7266845703125,
                    "op": "BO_Add",
                    "position": [
                        -595.9909057617188,
                        -26.001609802246094,
                        61.570030212402344
                    ],
                    "transform": [
                        0.02568449079990387,
                        -0.10844271630048752,
                        -0.9937708377838135,
                        -595.9909057617188,
                        0.8073160648345947,
                        0.5885245203971863,
                        -0.04335576668381691,
                        -26.001609802246094,
                        0.5895600914955139,
                        -0.8011735677719116,
                        0.10266351699829102,
                        61.57004928588867
                    ],
                    "scale": [
                        1,
                        1,
                        1
                    ],
                    "rotation": 0.9799993634223938,
                    "weight": [
                        0,
                        0,
                        0,
                        0
                    ],
                    "weightHard": false,
                    "weightScale": [
                        1,
                        1,
                        1
                    ],
                    "mirrored": false,
                    "twinId": 0,
                    "pathable": false,
                    "flooded": false,
                    "mergeable": false,
                    "no_features": false
                },
                {
                    "proj": "BP_Bend",
                    "spec": "/pa/terrain/metal/brushes/metal_structure_06.json",
                    "height": 599.9093627929688,
                    "op": "BO_Add",
                    "position": [
                        -501.74896240234375,
                        -322.73809814453125,
                        63.08192825317383
                    ],
                    "transform": [
                        0.4894249439239502,
                        -0.24686172604560852,
                        -0.8363746404647827,
                        -501.74896240234375,
                        -0.6465018391609192,
                        0.5409389734268188,
                        -0.5379781126976013,
                        -322.73809814453125,
                        0.5852338075637817,
                        0.8040176630020142,
                        0.105152428150177,
                        63.08192443847656
                    ],
                    "scale": [
                        1,
                        1,
                        1
                    ],
                    "rotation": -0.3699999153614044,
                    "weight": [
                        0,
                        0,
                        0,
                        0
                    ],
                    "weightHard": false,
                    "weightScale": [
                        1,
                        1,
                        1
                    ],
                    "mirrored": false,
                    "twinId": 0,
                    "pathable": false,
                    "flooded": false,
                    "mergeable": false,
                    "no_features": false
                },
                {
                    "proj": "BP_Bend",
                    "spec": "/pa/terrain/metal/brushes/metal_structure_06.json",
                    "height": 599.7406616210938,
                    "op": "BO_Add",
                    "position": [
                        -527.2710571289062,
                        -168.9765167236328,
                        -230.47991943359375
                    ],
                    "transform": [
                        -0.37195611000061035,
                        -0.297854483127594,
                        -0.8791652321815491,
                        -527.2711181640625,
                        -0.0983409583568573,
                        0.9544351100921631,
                        -0.2817493975162506,
                        -168.9765625,
                        0.9230265021324158,
                        -0.01834043860435486,
                        -0.38429927825927734,
                        -230.4799041748047
                    ],
                    "scale": [
                        1,
                        1,
                        1
                    ],
                    "rotation": 0.3299999535083771,
                    "weight": [
                        0,
                        0,
                        0,
                        0
                    ],
                    "weightHard": false,
                    "weightScale": [
                        1,
                        1,
                        1
                    ],
                    "mirrored": false,
                    "twinId": 0,
                    "pathable": false,
                    "flooded": false,
                    "mergeable": false,
                    "no_features": false
                },
                {
                    "proj": "BP_Bend",
                    "spec": "/pa/terrain/metal/brushes/metal_crater_01.json",
                    "height": 599.8567504882812,
                    "op": "BO_Subtract",
                    "position": [
                        -508.3682861328125,
                        224.0290069580078,
                        226.27589416503906
                    ],
                    "transform": [
                        0.3666965961456299,
                        -0.060019999742507935,
                        -0.5932382345199585,
                        -508.3683166503906,
                        0.49225378036499023,
                        0.4234868884086609,
                        0.26142969727516174,
                        224.0290069580078,
                        0.3364821672439575,
                        -0.5541270971298218,
                        0.2640517055988312,
                        226.27590942382812
                    ],
                    "scale": [
                        0.7000002861022949,
                        0.7000002861022949,
                        0.7000002861022949
                    ],
                    "rotation": 0.6099997162818909,
                    "weight": [
                        0,
                        0,
                        0,
                        0
                    ],
                    "weightHard": false,
                    "weightScale": [
                        1,
                        1,
                        1
                    ],
                    "mirrored": false,
                    "twinId": 0,
                    "pathable": false,
                    "flooded": false,
                    "mergeable": false,
                    "no_features": true
                },
                {
                    "proj": "BP_Bend",
                    "spec": "/pa/terrain/metal/brushes/metal_crater_01.json",
                    "height": 599.83642578125,
                    "op": "BO_Subtract",
                    "position": [
                        -286.1820068359375,
                        -480.116455078125,
                        217.69651794433594
                    ],
                    "transform": [
                        0.6023783087730408,
                        -0.12491856515407562,
                        -0.33397018909454346,
                        -286.1820068359375,
                        -0.23912985622882843,
                        0.34480971097946167,
                        -0.5602888464927673,
                        -480.116455078125,
                        0.2644950747489929,
                        0.5962398648262024,
                        0.2540486752986908,
                        217.69656372070312
                    ],
                    "scale": [
                        0.7000002861022949,
                        0.7000002861022949,
                        0.7000002861022949
                    ],
                    "rotation": -0.11999998241662979,
                    "weight": [
                        0,
                        0,
                        0,
                        0
                    ],
                    "weightHard": false,
                    "weightScale": [
                        1,
                        1,
                        1
                    ],
                    "mirrored": false,
                    "twinId": 0,
                    "pathable": false,
                    "flooded": false,
                    "mergeable": false,
                    "no_features": true
                },
                {
                    "proj": "BP_Bend",
                    "spec": "/pa/terrain/metal/brushes/metal_crater_01.json",
                    "height": 599.8775634765625,
                    "op": "BO_Subtract",
                    "position": [
                        -341.40234375,
                        -129.89125061035156,
                        -475.84222412109375
                    ],
                    "transform": [
                        0.5381991863250732,
                        0.20403920114040375,
                        -0.3983840346336365,
                        -341.4021911621094,
                        0.14129140973091125,
                        -0.6686279773712158,
                        -0.15157073736190796,
                        -129.89120483398438,
                        -0.4247099459171295,
                        0.036124274134635925,
                        -0.5552627444267273,
                        -475.8421936035156
                    ],
                    "scale": [
                        0.7000002861022949,
                        0.7000002861022949,
                        0.7000002861022949
                    ],
                    "rotation": 3.5899970531463623,
                    "weight": [
                        0,
                        0,
                        0,
                        0
                    ],
                    "weightHard": false,
                    "weightScale": [
                        1,
                        1,
                        1
                    ],
                    "mirrored": false,
                    "twinId": 0,
                    "pathable": false,
                    "flooded": false,
                    "mergeable": false,
                    "no_features": true
                },
                {
                    "proj": "BP_Bend",
                    "spec": "/pa/terrain/metal/brushes/metal_structure_09.json",
                    "height": 599.8501586914062,
                    "op": "BO_Add",
                    "position": [
                        -574.5860595703125,
                        90.97465515136719,
                        146.26934814453125
                    ],
                    "transform": [
                        0.10968752950429916,
                        0.26538556814193726,
                        -0.9578826427459717,
                        -574.5860595703125,
                        -0.5915242433547974,
                        0.7918950319290161,
                        0.15166230499744415,
                        90.97465515136719,
                        0.7987914681434631,
                        0.5499752759933472,
                        0.24384301900863647,
                        146.26927185058594
                    ],
                    "scale": [
                        1,
                        1,
                        1
                    ],
                    "rotation": -0.7599995732307434,
                    "weight": [
                        0,
                        0,
                        0,
                        0
                    ],
                    "weightHard": false,
                    "weightScale": [
                        1,
                        1,
                        1
                    ],
                    "mirrored": false,
                    "twinId": 0,
                    "pathable": false,
                    "flooded": false,
                    "mergeable": false,
                    "no_features": false
                },
                {
                    "proj": "BP_Bend",
                    "spec": "/pa/terrain/metal/brushes/metal_structure_09.json",
                    "height": 599.8248901367188,
                    "op": "BO_Add",
                    "position": [
                        -421.3602294921875,
                        -402.31024169921875,
                        142.80023193359375
                    ],
                    "transform": [
                        -0.2396029382944107,
                        -0.6701667308807373,
                        -0.7024721503257751,
                        -421.36029052734375,
                        0.5378466844558716,
                        0.5107496380805969,
                        -0.670712947845459,
                        -402.3103332519531,
                        0.808276891708374,
                        -0.5385270714759827,
                        0.23806977272033691,
                        142.8001708984375
                    ],
                    "scale": [
                        1,
                        1,
                        1
                    ],
                    "rotation": 1.3499990701675415,
                    "weight": [
                        0,
                        0,
                        0,
                        0
                    ],
                    "weightHard": false,
                    "weightScale": [
                        1,
                        1,
                        1
                    ],
                    "mirrored": false,
                    "twinId": 0,
                    "pathable": false,
                    "flooded": false,
                    "mergeable": false,
                    "no_features": false
                },
                {
                    "proj": "BP_Bend",
                    "spec": "/pa/terrain/metal/brushes/metal_structure_09.json",
                    "height": 599.8818969726562,
                    "op": "BO_Add",
                    "position": [
                        -466.7552490234375,
                        -152.42184448242188,
                        -344.62359619140625
                    ],
                    "transform": [
                        0.29658788442611694,
                        -0.5537412762641907,
                        -0.7780786156654358,
                        -466.7552795410156,
                        -0.95478355884552,
                        -0.154364675283432,
                        -0.2540864050388336,
                        -152.4218292236328,
                        0.02059030532836914,
                        0.8182556629180908,
                        -0.5744857788085938,
                        -344.6236267089844
                    ],
                    "scale": [
                        1,
                        1,
                        1
                    ],
                    "rotation": -1.2299991846084595,
                    "weight": [
                        0,
                        0,
                        0,
                        0
                    ],
                    "weightHard": false,
                    "weightScale": [
                        1,
                        1,
                        1
                    ],
                    "mirrored": false,
                    "twinId": 0,
                    "pathable": false,
                    "flooded": false,
