{
    "name": "Mammoth 6P System",
    "description": "3vs3 or 6P FFA map.If you play 3 vs 3 each team start on own planet.",
    "creator": "GreatBalancer",
    "version": "1.0",
    "planets": [
        {
            "name": "Zero K2",
            "mass": 10000,
            "position_x": 61100,
            "position_y": -31600,
            "velocity_x": 118.9666748046875,
            "velocity_y": 149.779052734375,
            "required_thrust_to_move": 0,
            "starting_planet": true,
            "respawn": false,
            "start_destroyed": false,
            "min_spawn_delay": 0,
            "max_spawn_delay": 0,
            "planet": {
                "seed": 735883840,
                "radius": 570,
                "heightRange": 0,
                "waterHeight": 0,
                "waterDepth": 31,
                "temperature": 71,
                "metalDensity": 0,
                "metalClusters": 84,
                "metalSpotLimit": -1,
                "biomeScale": 75.00000006869588,
                "biome": "grass",
                "symmetryType": "terrain",
                "symmetricalMetal": false,
                "symmetricalStarts": false,
                "numArmies": 2,
                "landingZonesPerArmy": 0,
                "landingZoneSize": 0,
                "heightAdjustments": []
            },
            "planetCSG": [
                {
                    "spec": "/pa/terrain/desert/brushes/desert_plateau_01.json",
                    "proj": "BP_Bend",
                    "op": "BO_Add",
                    "position": [
                        274.1641540527344,
                        500.8817138671875,
                        11.749212265014648
                    ],
                    "height": 571.12744140625,
                    "transform": [
                        -0.1376240998506546,
                        -0.649596631526947,
                        0.36335745453834534,
                        274.1641845703125,
                        0.09265376627445221,
                        0.3516906797885895,
                        0.6638326644897461,
                        500.8818359375,
                        -0.7385254502296448,
                        0.16517463326454163,
                        0.015571366995573044,
                        11.749067306518555
                    ],
                    "scale": [
                        0.7569311261177063,
                        0.7569311261177063,
                        0.7569311261177063
                    ],
                    "rotation": 1.2900134325027466,
                    "weight": [
                        1,
                        1,
                        1,
                        1
                    ],
                    "weightHard": false,
                    "weightScale": [
                        1,
                        1,
                        1
                    ],
                    "mirrored": false,
                    "twinId": 0,
                    "flooded": false,
                    "pathable": false,
                    "mergeable": false,
                    "no_features": false
                },
                {
                    "spec": "/pa/terrain/lava/brushes/lava_volcano_04.json",
                    "proj": "BP_Bend",
                    "op": "BO_Add",
                    "position": [
                        336.6051025390625,
                        460.86767578125,
                        40.36985778808594
                    ],
                    "height": 572.1290893554688,
                    "transform": [
                        1.5328452587127686,
                        -1.163657546043396,
                        1.4002426862716675,
                        336.60504150390625,
                        -0.9854480624198914,
                        1.008847951889038,
                        1.9171621799468994,
                        460.8675842285156,
                        -1.5309051275253296,
                        -1.8145302534103394,
                        0.16793450713157654,
                        40.36985778808594
                    ],
                    "scale": [
                        2.3799986839294434,
                        2.3799986839294434,
                        2.3799986839294434
                    ],
                    "rotation": 0.06999991834163666,
                    "weight": [
                        0,
                        0,
                        0,
                        0
                    ],
                    "weightHard": false,
                    "weightScale": [
                        1,
                        1,
                        1
                    ],
                    "mirrored": false,
                    "twinId": 0,
                    "flooded": false,
                    "pathable": false,
                    "mergeable": false,
                    "no_features": false
                },
                {
                    "spec": "/pa/terrain/metal/brushes/metal_t2_medium_3_ramp.json",
                    "proj": "BP_Bend",
                    "op": "BO_Add",
                    "position": [
                        -185.84413146972656,
                        465.5711669921875,
                        -269.0474853515625
                    ],
                    "height": 568.9298095703125,
                    "transform": [
                        -0.6750816106796265,
                        0.6614839434623718,
                        -0.32665565609931946,
                        -185.84414672851562,
                        0.14816966652870178,
                        0.5553243160247803,
                        0.8183280825614929,
                        465.57122802734375,
                        0.7227106094360352,
                        0.5040377974510193,
                        -0.4729011058807373,
                        -269.04754638671875
                    ],
                    "scale": [
                        1,
                        1,
                        1
                    ],
                    "rotation": -1.7999987602233887,
                    "weight": [
                        0,
                        0,
                        0,
                        0
                    ],
                    "weightHard": false,
                    "weightScale": [
                        1,
                        1,
                        1
                    ],
                    "mirrored": false,
                    "twinId": 0,
                    "flooded": false,
                    "pathable": true,
                    "mergeable": false,
                    "no_features": true
                },
                {
                    "spec": "/pa/terrain/metal/brushes/metal_t2_medium_3_ramp.json",
                    "proj": "BP_Bend",
                    "op": "BO_Add",
                    "position": [
                        140.1697998046875,
                        250.59295654296875,
                        491.541748046875
                    ],
                    "height": 569.2606201171875,
                    "transform": [
                        0.845897912979126,
                        0.47310343384742737,
                        0.2462313175201416,
                        140.1697998046875,
                        -0.5324864387512207,
                        0.7229629158973694,
                        0.44020774960517883,
                        250.5929412841797,
                        0.030247703194618225,
                        -0.5034856796264648,
                        0.8634739518165588,
                        491.5417175292969
                    ],
                    "scale": [
                        1,
                        1,
                        1
                    ],
                    "rotation": -0.5699997544288635,
                    "weight": [
                        0,
                        0,
                        0,
                        0
                    ],
                    "weightHard": false,
                    "weightScale": [
                        1,
                        1,
                        1
                    ],
                    "mirrored": false,
                    "twinId": 0,
                    "flooded": false,
                    "pathable": true,
                    "mergeable": false,
                    "no_features": true
                },
                {
                    "spec": "/pa/terrain/metal/brushes/metal_t2_medium_3_ramp.json",
                    "proj": "BP_Bend",
                    "op": "BO_Add",
                    "position": [
                        518.75537109375,
                        -25.344482421875,
                        -238.42431640625
                    ],
                    "height": 571.4854736328125,
                    "transform": [
                        -0.4013800323009491,
                        0.12213751673698425,
                        0.9077314734458923,
                        518.75537109375,
                        0.19768814742565155,
                        0.9792612791061401,
                        -0.04434842988848686,
                        -25.344484329223633,
                        -0.8943228721618652,
                        0.16164720058441162,
                        -0.41720104217529297,
                        -238.42433166503906
                    ],
                    "scale": [
                        1,
                        1,
                        1
                    ],
                    "rotation": 0.12999998033046722,
                    "weight": [
                        0,
                        0,
                        0,
                        0
                    ],
                    "weightHard": false,
                    "weightScale": [
                        1,
                        1,
                        1
                    ],
                    "mirrored": false,
                    "twinId": 0,
                    "flooded": false,
                    "pathable": true,
                    "mergeable": false,
                    "no_features": true
                },
                {
                    "spec": "/pa/terrain/metal/brushes/metal_crater_01.json",
                    "proj": "BP_LongitudePinch",
                    "op": "BO_Subtract",
                    "position": [
                        -285.45794677734375,
                        -487.1519775390625,
                        57.484832763671875
                    ],
                    "height": 567.54541015625,
                    "transform": [
                        1.0597312450408936,
                        0.08414915204048157,
                        -0.6186363697052002,
                        -285.45794677734375,
                        -0.6238555312156677,
                        0.09505435824394226,
                        -1.0557419061660767,
                        -487.15191650390625,
                        -0.024419844150543213,
                        1.2233991622924805,
                        0.12457960098981857,
                        57.4848747253418
                    ],
                    "scale": [
                        1.2299684286117554,
                        1.2299684286117554,
                        1.2299684286117554
                    ],
                    "rotation": -0.5499997735023499,
                    "weight": [
                        0,
                        0,
                        0,
                        0
                    ],
                    "weightHard": false,
                    "weightScale": [
                        1,
                        1,
                        1
                    ],
                    "mirrored": false,
                    "twinId": 0,
                    "flooded": false,
                    "pathable": false,
                    "mergeable": false,
                    "no_features": true
                },
                {
                    "spec": "/pa/terrain/lava/brushes/lava_crack_01.json",
                    "proj": "BP_Bend",
                    "op": "BO_Subtract",
                    "position": [
                        -438.05712890625,
                        71.15301513671875,
                        -359.474853515625
                    ],
                    "height": 571.1207885742188,
                    "transform": [
                        -0.21120750904083252,
                        -0.43239736557006836,
                        -0.5752596855163574,
                        -438.0570373535156,
                        -0.7101011872291565,
                        0.2225433886051178,
                        0.09343864023685455,
                        71.15299987792969,
                        0.11682350188493729,
                        0.5709700584411621,
                        -0.47206494212150574,
                        -359.47479248046875
                    ],
                    "scale": [
                        0.75,
                        0.75,
                        0.75
                    ],
                    "rotation": -1.5299988985061646,
                    "weight": [
                        0,
                        0,
                        0,
                        0
                    ],
                    "weightHard": false,
                    "weightScale": [
                        1,
                        1,
                        1
                    ],
                    "mirrored": false,
                    "twinId": 0,
                    "flooded": false,
                    "pathable": false,
                    "mergeable": false,
                    "no_features": true
                },
                {
                    "spec": "/pa/terrain/lava/brushes/lava_crack_01.json",
                    "proj": "BP_Bend",
                    "op": "BO_Subtract",
                    "position": [
                        279.001220703125,
                        -433.6378173828125,
                        -234.371337890625
                    ],
                    "height": 566.4038696289062,
                    "transform": [
                        -0.5847599506378174,
                        -0.28995126485824585,
                        0.36943766474723816,
                        279.001220703125,
                        -0.44959211349487305,
                        0.17510829865932465,
                        -0.5741987824440002,
                        -433.63787841796875,
                        0.13573069870471954,
                        -0.6691529750823975,
                        -0.31034141778945923,
                        -234.37144470214844
                    ],
                    "scale": [
                        0.75,
                        0.75,
                        0.75
                    ],
                    "rotation": -2.7699978351593018,
                    "weight": [
                        0,
                        0,
                        0,
                        0
                    ],
                    "weightHard": false,
                    "weightScale": [
                        1,
                        1,
                        1
                    ],
                    "mirrored": false,
                    "twinId": 0,
                    "flooded": false,
                    "pathable": false,
                    "mergeable": false,
                    "no_features": true
                },
                {
                    "spec": "/pa/terrain/lava/brushes/lava_crack_01.json",
                    "proj": "BP_Bend",
                    "op": "BO_Subtract",
                    "position": [
                        -105.44229125976562,
                        -131.09503173828125,
                        545.810302734375
                    ],
                    "height": 571.1505126953125,
                    "transform": [
                        -0.35800701379776,
                        0.6443288326263428,
                        -0.13846039772033691,
                        -105.44229888916016,
                        -0.6217628717422485,
                        -0.3824613392353058,
                        -0.1721460223197937,
                        -131.0950469970703,
                        -0.21849918365478516,
                        0.03261338919401169,
                        0.7167248129844666,
                        545.8103637695312
                    ],
                    "scale": [
                        0.75,
                        0.75,
                        0.75
                    ],
                    "rotation": -2.0999984741210938,
                    "weight": [
                        0,
                        0,
                        0,
                        0
                    ],
                    "weightHard": false,
                    "weightScale": [
                        1,
                        1,
                        1
                    ],
                    "mirrored": false,
                    "twinId": 0,
                    "flooded": false,
                    "pathable": false,
                    "mergeable": false,
                    "no_features": true
                },
                {
                    "spec": "/pa/terrain/metal/brushes/metal_t2_small_2_ramp.json",
                    "proj": "BP_Bend",
                    "op": "BO_Add",
                    "position": [
                        283.9598693847656,
                        -428.84918212890625,
                        -237.59121704101562
                    ],
                    "height": 566.563720703125,
                    "transform": [
                        0.777023196220398,
                        0.3808369040489197,
                        0.5011968016624451,
                        283.9599304199219,
                        0.6069507598876953,
                        -0.24221353232860565,
                        -0.7569302916526794,
                        -428.8492431640625,
                        -0.1668703854084015,
                        0.8923541903495789,
                        -0.41935479640960693,
                        -237.59121704101562
                    ],
                    "scale": [
                        1,
                        1,
                        1
                    ],
                    "rotation": 0.3999998867511749,
                    "weight": [
                        0,
                        0,
                        0,
                        0
                    ],
                    "weightHard": false,
                    "weightScale": [
                        1,
                        1,
                        1
                    ],
                    "mirrored": false,
                    "twinId": 0,
                    "flooded": false,
                    "pathable": true,
                    "mergeable": false,
                    "no_features": true
                },
                {
                    "spec": "/pa/terrain/metal/brushes/metal_t2_small_2_ramp.json",
                    "proj": "BP_Bend",
                    "op": "BO_Add",
                    "position": [
                        -113.44287109375,
                        -152.26080322265625,
                        538.4736328125
                    ],
                    "height": 570.9697875976562,
                    "transform": [
                        0.5797495245933533,
                        -0.790199339389801,
                        -0.19868451356887817,
                        -113.44285583496094,
                        0.7438737750053406,
                        0.6128122210502625,
                        -0.26667046546936035,
                        -152.26077270507812,
                        0.3324791193008423,
                        0.006805896759033203,
                        0.9430860280990601,
                        538.4736328125
                    ],
                    "scale": [
                        1,
                        1,
                        1
                    ],
                    "rotation": 0.909999430179596,
                    "weight": [
                        0,
                        0,
                        0,
                        0
                    ],
                    "weightHard": false,
                    "weightScale": [
                        1,
                        1,
                        1
                    ],
                    "mirrored": false,
                    "twinId": 0,
                    "flooded": false,
                    "pathable": true,
                    "mergeable": false,
                    "no_features": true
                },
                {
                    "spec": "/pa/terrain/metal/brushes/metal_t3_small_2_ramp.json",
                    "proj": "BP_Bend",
                    "op": "BO_Add",
                    "position": [
                        -448.681640625,
                        53.32790756225586,
                        -349.19158935546875
                    ],
                    "height": 571.0462646484375,
                    "transform": [
                        -0.26407867670059204,
                        -0.5593826770782471,
                        -0.7857186794281006,
                        -448.6817321777344,
                        -0.9445696473121643,
                        0.31474941968917847,
                        0.09338633716106415,
                        53.327919006347656,
                        0.19506579637527466,
                        0.7668273448944092,
                        -0.6114945411682129,
                        -349.1916809082031
                    ],
                    "scale": [
                        1,
                        1,
                        1
                    ],
                    "rotation": -1.439998984336853,
                    "weight": [
                        0,
                        0,
                        0,
                        0
                    ],
                    "weightHard": false,
                    "weightScale": [
                        1,
                        1,
                        1
                    ],
                    "mirrored": false,
                    "twinId": 0,
                    "flooded": false,
                    "pathable": true,
                    "mergeable": false,
                    "no_features": true
                },
                {
                    "spec": "/pa/terrain/desert/brushes/desert_plateau_11.json",
                    "proj": "BP_Bend",
                    "op": "BO_Add",
                    "position": [
                        395.0400390625,
                        276.8699035644531,
                        311.11737060546875
                    ],
                    "height": 574.0274658203125,
                    "transform": [
                        0.6928608417510986,
                        -0.215263232588768,
                        0.6881901621818542,
                        395.0400695800781,
                        -0.215263232588768,
                        0.8491294384002686,
                        0.4823286831378937,
                        276.8699035644531,
                        -0.6881901621818542,
                        -0.4823286831378937,
                        0.5419902801513672,
                        311.1173095703125
                    ],
                    "scale": [
                        1,
                        1,
                        1
                    ],
                    "rotation": 0,
                    "weight": [
                        0,
                        0,
                        0,
                        0
                    ],
                    "weightHard": false,
                    "weightScale": [
                        1,
                        1,
                        1
                    ],
                    "mirrored": false,
                    "twinId": 0,
                    "flooded": false,
                    "pathable": false,
                    "mergeable": false,
                    "no_features": false
                },
                {
                    "spec": "/pa/terrain/desert/brushes/desert_plateau_11.json",
                    "proj": "BP_Bend",
                    "op": "BO_Add",
                    "position": [
                        549.0904541015625,
                        154.14630126953125,
                        -33.817291259765625
                    ],
                    "height": 571.3186645507812,
                    "transform": [
                        0.01818472146987915,
                        -0.2756252586841583,
                        0.9610931873321533,
                        549.0904541015625,
                        -0.2756252586841583,
                        0.9226236343383789,
                        0.26980793476104736,
                        154.1463165283203,
                        -0.9610931873321533,
                        -0.26980793476104736,
                        -0.05919158458709717,
                        -33.817256927490234
                    ],
                    "scale": [
                        1,
                        1,
                        1
                    ],
                    "rotation": 0,
                    "weight": [
                        0,
                        0,
                        0,
                        0
                    ],
                    "weightHard": false,
                    "weightScale": [
                        1,
                        1,
                        1
                    ],
                    "mirrored": false,
                    "twinId": 0,
                    "flooded": false,
                    "pathable": false,
                    "mergeable": false,
                    "no_features": false
                },
                {
                    "spec": "/pa/terrain/desert/brushes/desert_plateau_11.json",
                    "proj": "BP_Bend",
                    "op": "BO_Add",
                    "position": [
                        519.9736328125,
                        178.20706176757812,
                        163.94635009765625
                    ],
                    "height": 573.5928344726562,
                    "transform": [
                        0.3608925938606262,
                        -0.21903696656227112,
                        0.906520426273346,
                        519.9736328125,
                        -0.21903696656227112,
                        0.9249309301376343,
                        0.3106856346130371,
                        178.20704650878906,
                        -0.906520426273346,
                        -0.3106856346130371,
                        0.2858235239982605,
                        163.94631958007812
                    ],
                    "scale": [
                        1,
                        1,
                        1
                    ],
                    "rotation": 0,
                    "weight": [
                        0,
                        0,
                        0,
                        0
                    ],
                    "weightHard": false,
                    "weightScale": [
                        1,
                        1,
                        1
                    ],
                    "mirrored": false,
                    "twinId": 0,
                    "flooded": false,
                    "pathable": false,
                    "mergeable": false,
                    "no_features": false
                },
                {
                    "spec": "/pa/terrain/desert/brushes/desert_plateau_11.json",
                    "proj": "BP_Bend",
                    "op": "BO_Add",
                    "position": [
                        140.44790649414062,
                        456.280517578125,
                        311.23388671875
                    ],
                    "height": 569.8983154296875,
                    "transform": [
                        0.9607181549072266,
                        -0.12761706113815308,
                        0.24644377827644348,
                        140.44789123535156,
                        -0.12761706113815308,
                        0.5854038000106812,
                        0.8006349205970764,
                        456.2804870605469,
                        -0.24644377827644348,
                        -0.8006349205970764,
                        0.5461218953132629,
                        311.23394775390625
                    ],
                    "scale": [
                        1,
                        1,
                        1
                    ],
                    "rotation": 0,
                    "weight": [
                        0,
                        0,
                        0,
                        0
                    ],
                    "weightHard": false,
                    "weightScale": [
                        1,
                        1,
                        1
                    ],
                    "mirrored": false,
                    "twinId": 0,
                    "flooded": false,
                    "pathable": false,
                    "mergeable": false,
                    "no_features": false
                },
                {
                    "spec": "/pa/terrain/desert/brushes/desert_plateau_11.json",
                    "proj": "BP_Bend",
                    "op": "BO_Add",
                    "position": [
                        -7.9224853515625,
                        533.3197021484375,
                        203.6710205078125
                    ],
                    "height": 570.9418334960938,
                    "transform": [
                        0.9998580813407898,
                        0.009553720243275166,
                        -0.013876168057322502,
                        -7.922484874725342,
                        0.009553720243275166,
                        0.3568701148033142,
                        0.9341050982475281,
                        533.3197021484375,
                        0.013876168057322502,
                        -0.9341050982475281,
                        0.356728196144104,
                        203.67105102539062
                    ],
                    "scale": [
                        1,
                        1,
                        1
                    ],
                    "rotation": 0,
                    "weight": [
                        0,
                        0,
                        0,
                        0
                    ],
                    "weightHard": false,
                    "weightScale": [
                        1,
                        1,
                        1
                    ],
                    "mirrored": false,
                    "twinId": 0,
                    "flooded": false,
                    "pathable": false,
                    "mergeable": false,
                    "no_features": false
                },
                {
                    "spec": "/pa/terrain/desert/brushes/desert_plateau_11.json",
                    "proj": "BP_Bend",
                    "op": "BO_Add",
                    "position": [
                        -64.19219970703125,
                        565.578125,
                        28.777585983276367
                    ],
                    "height": 569.9363403320312,
                    "transform": [
                        0.9879240989685059,
                        0.10639694333076477,
                        -0.11263047158718109,
                        -64.19219970703125,
                        0.10639694333076477,
                        0.06256866455078125,
                        0.992353081703186,
                        565.5780639648438,
                        0.11263047158718109,
                        -0.992353081703186,
                        0.05049276351928711,
                        28.777660369873047
                    ],
                    "scale": [
                        1,
                        1,
                        1
                    ],
                    "rotation": 0,
                    "weight": [
                        0,
                        0,
                        0,
                        0
                    ],
                    "weightHard": false,
                    "weightScale": [
                        1,
                        1,
                        1
                    ],
                    "mirrored": false,
                    "twinId": 0,
                    "flooded": false,
                    "pathable": false,
                    "mergeable": false,
                    "no_features": false
                },
                {
                    "spec": "/pa/terrain/desert/brushes/desert_plateau_11.json",
                    "proj": "BP_Bend",
                    "op": "BO_Add",
                    "position": [
                        145.24853515625,
                        511.1085205078125,
                        -211.24691772460938
                    ],
                    "height": 571.7991943359375,
                    "transform": [
                        0.8976679444313049,
                        -0.3600916564464569,
                        0.25402015447616577,
                        145.24851989746094,
                        -0.3600916564464569,
                        -0.2671102285385132,
                        0.8938600420951843,
                        511.10845947265625,
                        -0.25402015447616577,
                        -0.8938600420951843,
                        -0.3694422245025635,
                        -211.24676513671875
                    ],
                    "scale": [
                        1,
                        1,
                        1
                    ],
                    "rotation": 0,
                    "weight": [
                        0,
                        0,
                        0,
                        0
                    ],
                    "weightHard": false,
                    "weightScale": [
                        1,
                        1,
                        1
                    ],
                    "mirrored": false,
                    "twinId": 0,
                    "flooded": false,
                    "pathable": false,
                    "mergeable": false,
                    "no_features": false
                },
                {
                    "spec": "/pa/terrain/desert/brushes/desert_plateau_11.json",
                    "proj": "BP_Bend",
                    "op": "BO_Add",
                    "position": [
                        291.2965087890625,
                        413.9910888671875,
                        -265.3665466308594
                    ],
                    "height": 571.5432739257812,
                    "transform": [
                        0.5151031613349915,
                        -0.6891361474990845,
                        0.5096666812896729,
                        291.29656982421875,
                        -0.6891361474990845,
                        0.02059859037399292,
                        0.7243390679359436,
                        413.9911193847656,
                        -0.5096666812896729,
                        -0.7243390679359436,
                        -0.4642982482910156,
                        -265.3665466308594
                    ],
                    "scale": [
                        1,
                        1,
                        1
                    ],
                    "rotation": 0,
                    "weight": [
                        0,
                        0,
                        0,
                        0
                    ],
                    "weightHard": false,
                    "weightScale": [
                        1,
                        1,
                        1
                    ],
                    "mirrored": false,
                    "twinId": 0,
                    "flooded": false,
                    "pathable": false,
                    "mergeable": false,
                    "no_features": false
                },
                {
                    "spec": "/pa/terrain/desert/brushes/desert_plateau_11.json",
                    "proj": "BP_Bend",
                    "op": "BO_Add",
                    "position": [
                        418.889892578125,
                        317.718994140625,
                        -230.2581787109375
                    ],
                    "height": 573.9624633789062,
                    "transform": [
                        0.1105298399925232,
                        -0.6746439933776855,
                        0.7298211455345154,
                        418.88995361328125,
                        -0.6746439933776855,
                        0.4882969856262207,
                        0.5535536408424377,
                        317.7190246582031,
                        -0.7298211455345154,
                        -0.5535536408424377,
                        -0.40117311477661133,
                        -230.25831604003906
                    ],
                    "scale": [
                        1,
                        1,
                        1
                    ],
                    "rotation": 0,
                    "weight": [
                        0,
                        0,
                        0,
                        0
                    ],
                    "weightHard": false,
                    "weightScale": [
                        1,
                        1,
                        1
                    ],
                    "mirrored": false,
                    "twinId": 0,
                    "flooded": false,
                    "pathable": false,
                    "mergeable": false,
                    "no_features": false
                },
                {
                    "spec": "/pa/terrain/desert/brushes/desert_plateau_10.json",
                    "proj": "BP_Bend",
                    "op": "BO_Add",
                    "position": [
                        252.87210083007812,
                        -464.047119140625,
                        203.11541748046875
                    ],
                    "height": 566.1624145507812,
                    "transform": [
                        0.8531825542449951,
                        0.26942554116249084,
                        0.44664233922958374,
                        252.87210083007812,
                        0.26942554116249084,
                        0.5055755972862244,
                        -0.8196360468864441,
                        -464.047119140625,
                        -0.44664233922958374,
                        0.8196360468864441,
                        0.3587581515312195,
                        203.11538696289062
                    ],
                    "scale": [
                        1,
                        1,
                        1
                    ],
                    "rotation": 0,
                    "weight": [
                        0,
                        0,
