{
    "name": "Mistral 3vs3 System",
    "description": "3 vs 3 Land-Naval team game map.",
    "creator": "GreatBalancer",
    "version": "1.0",
    "planets": [
        {
            "name": "Mistral",
            "mass": 10000,
            "position_x": 29900,
            "position_y": -2100,
            "velocity_x": 9.048872947692871,
            "velocity_y": 128.8387908935547,
            "required_thrust_to_move": 0,
            "starting_planet": true,
            "respawn": false,
            "start_destroyed": false,
            "min_spawn_delay": 0,
            "max_spawn_delay": 0,
            "planet": {
                "seed": 1835050624,
                "radius": 625,
                "heightRange": 35,
                "waterHeight": 49,
                "waterDepth": 100,
                "temperature": 61,
                "metalDensity": 0,
                "metalClusters": 114,
                "metalSpotLimit": -1,
                "biomeScale": 75.00000006869588,
                "biome": "grass",
                "symmetryType": "terrain and CSG",
                "symmetricalMetal": true,
                "symmetricalStarts": false,
                "numArmies": 2,
                "landingZonesPerArmy": 0,
                "landingZoneSize": 0,
                "heightAdjustments": []
            },
            "planetCSG": [
                {
                    "proj": "BP_Bend",
                    "spec": "/pa/terrain/jungle/brushes/jungle_plateau_01.json",
                    "height": 624.0169067382812,
                    "op": "BO_Add",
                    "position": [
                        420.26947021484375,
                        -83.73690795898438,
                        -453.60638427734375
                    ],
                    "transform": [
                        -0.6609749794006348,
                        0.33094218373298645,
                        0.6734907031059265,
                        420.26959228515625,
                        0.33094218373298645,
                        0.9340611696243286,
                        -0.1341901570558548,
                        -83.73692321777344,
                        -0.6734907031059265,
                        0.1341901570558548,
                        -0.7269138097763062,
                        -453.60650634765625
                    ],
                    "scale": [
                        1,
                        1,
                        1
                    ],
                    "rotation": 0,
                    "weight": [
                        0,
                        0,
                        0,
                        0
                    ],
                    "weightHard": false,
                    "weightScale": [
                        1,
                        1,
                        1
                    ],
                    "mirrored": false,
                    "twinId": 0,
                    "pathable": false,
                    "flooded": false,
                    "mergeable": false,
                    "no_features": false
                },
                {
                    "proj": "BP_Bend",
                    "spec": "/pa/terrain/jungle/brushes/jungle_plateau_01.json",
                    "height": 624.0169067382812,
                    "op": "BO_Add",
                    "position": [
                        420.26947021484375,
                        -83.73690795898438,
                        -453.60638427734375
                    ],
                    "transform": [
                        -0.6609749794006348,
                        0.33094218373298645,
                        0.6734907031059265,
                        420.26959228515625,
                        0.33094218373298645,
                        0.9340611696243286,
                        -0.1341901570558548,
                        -83.73692321777344,
                        0.6734907031059265,
                        -0.1341901570558548,
                        0.7269138097763062,
                        453.6064758300781
                    ],
                    "scale": [
                        1,
                        1,
                        1
                    ],
                    "rotation": 0,
                    "weight": [
                        0,
                        0,
                        0,
                        0
                    ],
                    "weightHard": false,
                    "weightScale": [
                        1,
                        1,
                        1
                    ],
                    "mirrored": true,
                    "twinId": 0,
                    "pathable": false,
                    "flooded": false,
                    "mergeable": false,
                    "no_features": false
                },
                {
                    "proj": "BP_Bend",
                    "spec": "/pa/terrain/jungle/brushes/jungle_plateau_06.json",
                    "height": 623.8840942382812,
                    "op": "BO_Add",
                    "position": [
                        601.276611328125,
                        -92.70262145996094,
                        -138.21722412109375
                    ],
                    "transform": [
                        -0.19318079948425293,
                        0.18396024405956268,
                        0.963763415813446,
                        601.2766723632812,
                        0.18396024405956268,
                        0.9716376662254333,
                        -0.14858952164649963,
                        -92.70263671875,
                        -0.963763415813446,
                        0.14858952164649963,
                        -0.2215430736541748,
                        -138.21719360351562
                    ],
                    "scale": [
                        1,
                        1,
                        1
                    ],
                    "rotation": 0,
                    "weight": [
                        0,
                        0,
                        0,
                        0
                    ],
                    "weightHard": false,
                    "weightScale": [
                        1,
                        1,
                        1
                    ],
                    "mirrored": false,
                    "twinId": 0,
                    "pathable": false,
                    "flooded": false,
                    "mergeable": false,
                    "no_features": false
                },
                {
                    "proj": "BP_Bend",
                    "spec": "/pa/terrain/jungle/brushes/jungle_plateau_06.json",
                    "height": 623.8840942382812,
                    "op": "BO_Add",
                    "position": [
                        601.276611328125,
                        -92.70262145996094,
                        -138.21722412109375
                    ],
                    "transform": [
                        -0.19318079948425293,
                        0.18396024405956268,
                        0.963763415813446,
                        601.2766723632812,
                        0.18396024405956268,
                        0.9716376662254333,
                        -0.14858952164649963,
                        -92.70263671875,
                        0.963763415813446,
                        -0.14858952164649963,
                        0.2215430736541748,
                        138.21719360351562
                    ],
                    "scale": [
                        1,
                        1,
                        1
                    ],
                    "rotation": 0,
                    "weight": [
                        0,
                        0,
                        0,
                        0
                    ],
                    "weightHard": false,
                    "weightScale": [
                        1,
                        1,
                        1
                    ],
                    "mirrored": true,
                    "twinId": 0,
                    "pathable": false,
                    "flooded": false,
                    "mergeable": false,
                    "no_features": false
                },
                {
                    "proj": "BP_Bend",
                    "spec": "/pa/terrain/jungle/brushes/jungle_plateau_01.json",
                    "height": 625.7760620117188,
                    "op": "BO_Add",
                    "position": [
                        588.26513671875,
                        -89.45185089111328,
                        -193.74771118164062
                    ],
                    "transform": [
                        -0.28001511096954346,
                        0.1946396380662918,
                        0.9400569796562195,
                        588.26513671875,
                        0.1946396380662918,
                        0.9704030156135559,
                        -0.14294546842575073,
                        -89.45185089111328,
                        -0.9400569796562195,
                        0.14294546842575073,
                        -0.3096121549606323,
                        -193.7478790283203
                    ],
                    "scale": [
                        1,
                        1,
                        1
                    ],
                    "rotation": 0,
                    "weight": [
                        0,
                        0,
                        0,
                        0
                    ],
                    "weightHard": false,
                    "weightScale": [
                        1,
                        1,
                        1
                    ],
                    "mirrored": false,
                    "twinId": 0,
                    "pathable": false,
                    "flooded": false,
                    "mergeable": false,
                    "no_features": false
                },
                {
                    "proj": "BP_Bend",
                    "spec": "/pa/terrain/jungle/brushes/jungle_plateau_01.json",
                    "height": 625.7760620117188,
                    "op": "BO_Add",
                    "position": [
                        588.26513671875,
                        -89.45185089111328,
                        -193.74771118164062
                    ],
                    "transform": [
                        -0.28001511096954346,
                        0.1946396380662918,
                        0.9400569796562195,
                        588.26513671875,
                        0.1946396380662918,
                        0.9704030156135559,
                        -0.14294546842575073,
                        -89.45185089111328,
                        0.9400569796562195,
                        -0.14294546842575073,
                        0.3096121549606323,
                        193.7478790283203
                    ],
                    "scale": [
                        1,
                        1,
                        1
                    ],
                    "rotation": 0,
                    "weight": [
                        0,
                        0,
                        0,
                        0
                    ],
                    "weightHard": false,
                    "weightScale": [
                        1,
                        1,
                        1
                    ],
                    "mirrored": true,
                    "twinId": 0,
                    "pathable": false,
                    "flooded": false,
                    "mergeable": false,
                    "no_features": false
                },
                {
                    "proj": "BP_Bend",
                    "spec": "/pa/terrain/jungle/brushes/jungle_plateau_01.json",
                    "height": 624.002197265625,
                    "op": "BO_Add",
                    "position": [
                        614.6282958984375,
                        -81.89653015136719,
                        -70.02685546875
                    ],
                    "transform": [
                        -0.0928199291229248,
                        0.14561346173286438,
                        0.9849778413772583,
                        614.6283569335938,
                        0.14561346173286438,
                        0.9805976152420044,
                        -0.1312439888715744,
                        -81.89653778076172,
                        -0.9849778413772583,
                        0.1312439888715744,
                        -0.11222231388092041,
                        -70.02696990966797
                    ],
                    "scale": [
                        1,
                        1,
                        1
                    ],
                    "rotation": 0,
                    "weight": [
                        0,
                        0,
                        0,
                        0
                    ],
                    "weightHard": false,
                    "weightScale": [
                        1,
                        1,
                        1
                    ],
                    "mirrored": false,
                    "twinId": 0,
                    "pathable": false,
                    "flooded": false,
                    "mergeable": false,
                    "no_features": false
                },
                {
                    "proj": "BP_Bend",
                    "spec": "/pa/terrain/jungle/brushes/jungle_plateau_01.json",
                    "height": 624.002197265625,
                    "op": "BO_Add",
                    "position": [
                        614.6282958984375,
                        -81.89653015136719,
                        -70.02685546875
                    ],
                    "transform": [
                        -0.0928199291229248,
                        0.14561346173286438,
                        0.9849778413772583,
                        614.6283569335938,
                        0.14561346173286438,
                        0.9805976152420044,
                        -0.1312439888715744,
                        -81.89653778076172,
                        0.9849778413772583,
                        -0.1312439888715744,
                        0.11222231388092041,
                        70.02696990966797
                    ],
                    "scale": [
                        1,
                        1,
                        1
                    ],
                    "rotation": 0,
                    "weight": [
                        0,
                        0,
                        0,
                        0
                    ],
                    "weightHard": false,
                    "weightScale": [
                        1,
                        1,
                        1
                    ],
                    "mirrored": true,
                    "twinId": 0,
                    "pathable": false,
                    "flooded": false,
                    "mergeable": false,
                    "no_features": false
                },
                {
                    "proj": "BP_Bend",
                    "spec": "/pa/terrain/jungle/brushes/jungle_volcano_06.json",
                    "height": 623.953369140625,
                    "op": "BO_Add",
                    "position": [
                        613.969970703125,
                        -104.26040649414062,
                        -38.58110046386719
                    ],
                    "transform": [
                        -0.03207206726074219,
                        0.1752597987651825,
                        0.9839998483657837,
                        613.9700317382812,
                        0.1752597987651825,
                        0.9702385067939758,
                        -0.16709648072719574,
                        -104.26041412353516,
                        -0.9839998483657837,
                        0.16709648072719574,
                        -0.06183350086212158,
                        -38.58122253417969
                    ],
                    "scale": [
                        1,
                        1,
                        1
                    ],
                    "rotation": 0,
                    "weight": [
                        0,
                        0,
                        0,
                        0
                    ],
                    "weightHard": false,
                    "weightScale": [
                        1,
                        1,
                        1
                    ],
                    "mirrored": false,
                    "twinId": 0,
                    "pathable": false,
                    "flooded": false,
                    "mergeable": false,
                    "no_features": false
                },
                {
                    "proj": "BP_Bend",
                    "spec": "/pa/terrain/jungle/brushes/jungle_volcano_06.json",
                    "height": 623.953369140625,
                    "op": "BO_Add",
                    "position": [
                        613.969970703125,
                        -104.26040649414062,
                        -38.58110046386719
                    ],
                    "transform": [
                        -0.03207206726074219,
                        0.1752597987651825,
                        0.9839998483657837,
                        613.9700317382812,
                        0.1752597987651825,
                        0.9702385067939758,
                        -0.16709648072719574,
                        -104.26041412353516,
                        0.9839998483657837,
                        -0.16709648072719574,
                        0.06183350086212158,
                        38.58122253417969
                    ],
                    "scale": [
                        1,
                        1,
                        1
                    ],
                    "rotation": 0,
                    "weight": [
                        0,
                        0,
                        0,
                        0
                    ],
                    "weightHard": false,
                    "weightScale": [
                        1,
                        1,
                        1
                    ],
                    "mirrored": true,
                    "twinId": 0,
                    "pathable": false,
                    "flooded": false,
                    "mergeable": false,
                    "no_features": false
                },
                {
                    "proj": "BP_Bend",
                    "spec": "/pa/terrain/jungle/brushes/jungle_plateau_01.json",
                    "height": 627.2425537109375,
                    "op": "BO_Add",
                    "position": [
                        589.1267700195312,
                        -75.15650177001953,
                        -201.77806091308594
                    ],
                    "transform": [
                        -0.3005249500274658,
                        0.1659115105867386,
                        0.9392327666282654,
                        589.1267700195312,
                        0.1659115105867386,
                        0.9788342118263245,
                        -0.1198204755783081,
                        -75.15650177001953,
                        -0.9392327666282654,
                        0.1198204755783081,
                        -0.3216906785964966,
                        -201.778076171875
                    ],
                    "scale": [
                        1,
                        1,
                        1
                    ],
                    "rotation": 0,
                    "weight": [
                        0,
                        0,
                        0,
                        0
                    ],
                    "weightHard": false,
                    "weightScale": [
                        1,
                        1,
                        1
                    ],
                    "mirrored": false,
                    "twinId": 0,
                    "pathable": false,
                    "flooded": false,
                    "mergeable": false,
                    "no_features": false
                },
                {
                    "proj": "BP_Bend",
                    "spec": "/pa/terrain/jungle/brushes/jungle_plateau_01.json",
                    "height": 627.2425537109375,
                    "op": "BO_Add",
                    "position": [
                        589.1267700195312,
                        -75.15650177001953,
                        -201.77806091308594
                    ],
                    "transform": [
                        -0.3005249500274658,
                        0.1659115105867386,
                        0.9392327666282654,
                        589.1267700195312,
                        0.1659115105867386,
                        0.9788342118263245,
                        -0.1198204755783081,
                        -75.15650177001953,
                        0.9392327666282654,
                        -0.1198204755783081,
                        0.3216906785964966,
                        201.77806091308594
                    ],
                    "scale": [
                        1,
                        1,
                        1
                    ],
                    "rotation": 0,
                    "weight": [
                        0,
                        0,
                        0,
                        0
                    ],
                    "weightHard": false,
                    "weightScale": [
                        1,
                        1,
                        1
                    ],
                    "mirrored": true,
                    "twinId": 0,
                    "pathable": false,
                    "flooded": false,
                    "mergeable": false,
                    "no_features": false
                },
                {
                    "proj": "BP_Bend",
                    "spec": "/pa/terrain/jungle/brushes/jungle_plateau_01.json",
                    "height": 624.6151123046875,
                    "op": "BO_Add",
                    "position": [
                        581.6937255859375,
                        -108.75263977050781,
                        -199.87322998046875
                    ],
                    "transform": [
                        -0.2754141092300415,
                        0.23844963312149048,
                        0.9312835335731506,
                        581.6937866210938,
                        0.23844963312149048,
                        0.9554197788238525,
                        -0.174111470580101,
                        -108.75265502929688,
                        -0.9312835335731506,
                        0.174111470580101,
                        -0.31999433040618896,
                        -199.873291015625
                    ],
                    "scale": [
                        1,
                        1,
                        1
                    ],
                    "rotation": 0,
                    "weight": [
                        0,
                        0,
                        0,
                        0
                    ],
                    "weightHard": false,
                    "weightScale": [
                        1,
                        1,
                        1
                    ],
                    "mirrored": false,
                    "twinId": 0,
                    "pathable": false,
                    "flooded": false,
                    "mergeable": false,
                    "no_features": false
                },
                {
                    "proj": "BP_Bend",
                    "spec": "/pa/terrain/jungle/brushes/jungle_plateau_01.json",
                    "height": 624.6151123046875,
                    "op": "BO_Add",
                    "position": [
                        581.6937255859375,
                        -108.75263977050781,
                        -199.87322998046875
                    ],
                    "transform": [
                        -0.2754141092300415,
                        0.23844963312149048,
                        0.9312835335731506,
                        581.6937866210938,
                        0.23844963312149048,
                        0.9554197788238525,
                        -0.174111470580101,
                        -108.75265502929688,
                        0.9312835335731506,
                        -0.174111470580101,
                        0.31999433040618896,
                        199.873291015625
                    ],
                    "scale": [
                        1,
                        1,
                        1
                    ],
                    "rotation": 0,
                    "weight": [
                        0,
                        0,
                        0,
                        0
                    ],
                    "weightHard": false,
                    "weightScale": [
                        1,
                        1,
                        1
                    ],
                    "mirrored": true,
                    "twinId": 0,
                    "pathable": false,
                    "flooded": false,
                    "mergeable": false,
                    "no_features": false
                },
                {
                    "proj": "BP_Bend",
                    "spec": "/pa/terrain/jungle/brushes/jungle_plateau_01.json",
                    "height": 623.9417724609375,
                    "op": "BO_Add",
                    "position": [
                        621.9763793945312,
                        -38.94984817504883,
                        -30.521879196166992
                    ],
                    "transform": [
                        -0.044820308685302734,
                        0.06542947888374329,
                        0.9968500137329102,
                        621.9763793945312,
                        0.06542947888374329,
                        0.9959026575088501,
                        -0.06242545321583748,
                        -38.94984817504883,
                        -0.9968500137329102,
                        0.06242545321583748,
                        -0.04891765117645264,
                        -30.521766662597656
                    ],
                    "scale": [
                        1,
                        1,
                        1
                    ],
                    "rotation": 0,
                    "weight": [
                        0,
                        0,
                        0,
                        0
                    ],
                    "weightHard": false,
                    "weightScale": [
                        1,
                        1,
                        1
                    ],
                    "mirrored": false,
                    "twinId": 0,
                    "pathable": false,
                    "flooded": false,
                    "mergeable": false,
                    "no_features": false
                },
                {
                    "proj": "BP_Bend",
                    "spec": "/pa/terrain/jungle/brushes/jungle_plateau_01.json",
                    "height": 623.9417724609375,
                    "op": "BO_Add",
                    "position": [
                        621.9763793945312,
                        -38.94984817504883,
                        -30.521879196166992
                    ],
                    "transform": [
                        -0.044820308685302734,
                        0.06542947888374329,
                        0.9968500137329102,
                        621.9763793945312,
                        0.06542947888374329,
                        0.9959026575088501,
                        -0.06242545321583748,
                        -38.94984817504883,
                        0.9968500137329102,
                        -0.06242545321583748,
                        0.04891765117645264,
                        30.521766662597656
                    ],
                    "scale": [
                        1,
                        1,
                        1
                    ],
                    "rotation": 0,
                    "weight": [
                        0,
                        0,
                        0,
                        0
                    ],
                    "weightHard": false,
                    "weightScale": [
                        1,
                        1,
                        1
                    ],
                    "mirrored": true,
                    "twinId": 0,
                    "pathable": false,
                    "flooded": false,
                    "mergeable": false,
                    "no_features": false
                },
                {
                    "proj": "BP_Bend",
                    "spec": "/pa/terrain/jungle/brushes/jungle_volcano_06.json",
                    "height": 633.4341430664062,
                    "op": "BO_Add",
                    "position": [
                        512.350341796875,
                        361.7723083496094,
                        -88.63851928710938
                    ],
                    "transform": [
                        0.23932534456253052,
                        -0.5371149778366089,
                        0.8088454604148865,
                        512.350341796875,
                        -0.5371149778366089,
                        0.6207412481307983,
                        0.5711285471916199,
                        361.7723083496094,
                        -0.8088454604148865,
                        -0.5711285471916199,
                        -0.13993334770202637,
                        -88.63855743408203
                    ],
                    "scale": [
                        1,
                        1,
                        1
                    ],
                    "rotation": 0,
                    "weight": [
                        0,
                        0,
                        0,
                        0
                    ],
                    "weightHard": false,
                    "weightScale": [
                        1,
                        1,
                        1
                    ],
                    "mirrored": false,
                    "twinId": 0,
                    "pathable": false,
                    "flooded": false,
                    "mergeable": false,
                    "no_features": false
                },
                {
                    "proj": "BP_Bend",
                    "spec": "/pa/terrain/jungle/brushes/jungle_volcano_06.json",
                    "height": 633.4341430664062,
                    "op": "BO_Add",
                    "position": [
                        512.350341796875,
                        361.7723083496094,
                        -88.63851928710938
                    ],
                    "transform": [
                        0.23932534456253052,
                        -0.5371149778366089,
                        0.8088454604148865,
                        512.350341796875,
                        -0.5371149778366089,
                        0.6207412481307983,
                        0.5711285471916199,
                        361.7723083496094,
                        0.8088454604148865,
                        0.5711285471916199,
                        0.13993334770202637,
                        88.63855743408203
                    ],
                    "scale": [
                        1,
                        1,
                        1
                    ],
                    "rotation": 0,
                    "weight": [
                        0,
                        0,
                        0,
                        0
                    ],
                    "weightHard": false,
                    "weightScale": [
                        1,
                        1,
                        1
                    ],
                    "mirrored": true,
                    "twinId": 0,
                    "pathable": false,
                    "flooded": false,
                    "mergeable": false,
                    "no_features": false
                },
                {
                    "proj": "BP_Bend",
                    "spec": "/pa/terrain/jungle/brushes/jungle_plateau_06.json",
                    "height": 631.1760864257812,
                    "op": "BO_Add",
                    "position": [
                        502.839111328125,
                        353.43621826171875,
                        -143.59280395507812
                    ],
                    "transform": [
                        0.17840313911437988,
                        -0.5774850845336914,
                        0.796670138835907,
                        502.8391418457031,
                        -0.5774850845336914,
                        0.5940965414047241,
                        0.5599645376205444,
                        353.43621826171875,
                        -0.796670138835907,
                        -0.5599645376205444,
                        -0.227500319480896,
                        -143.59275817871094
                    ],
                    "scale": [
                        1,
                        1,
                        1
                    ],
                    "rotation": 0,
                    "weight": [
                        0,
                        0,
                        0,
                        0
                    ],
                    "weightHard": false,
                    "weightScale": [
                        1,
                        1,
                        1
                    ],
                    "mirrored": false,
                    "twinId": 0,
                    "pathable": false,
                    "flooded": false,
                    "mergeable": false,
                    "no_features": false
                },
                {
                    "proj": "BP_Bend",
                    "spec": "/pa/terrain/jungle/brushes/jungle_plateau_06.json",
                    "height": 631.1760864257812,
                    "op": "BO_Add",
                    "position": [
                        502.839111328125,
                        353.43621826171875,
                        -143.59280395507812
                    ],
                    "transform": [
                        0.17840313911437988,
                        -0.5774850845336914,
                        0.796670138835907,
                        502.8391418457031,
                        -0.5774850845336914,
                        0.5940965414047241,
                        0.5599645376205444,
                        353.43621826171875,
                        0.796670138835907,
                        0.5599645376205444,
                        0.227500319480896,
                        143.59275817871094
                    ],
                    "scale": [
                        1,
                        1,
                        1
                    ],
                    "rotation": 0,
                    "weight": [
                        0,
                        0,
                        0,
                        0
                    ],
                    "weightHard": false,
                    "weightScale": [
                        1,
                        1,
                        1
                    ],
                    "mirrored": true,
                    "twinId": 0,
                    "pathable": false,
                    "flooded": false,
                    "mergeable": false,
                    "no_features": false
                },
                {
                    "proj": "BP_Bend",
                    "spec": "/pa/terrain/jungle/brushes/jungle_volcano_06.json",
                    "height": 636.2099609375,
                    "op": "BO_Add",
                    "position": [
                        537.978515625,
                        339.33526611328125,
                        -13.920913696289062
                    ],
                    "transform": [
                        0.2689666748046875,
                        -0.4611065685749054,
                        0.8455989360809326,
                        537.9784545898438,
                        -0.4611065685749054,
                        0.7091524600982666,
                        0.5333699584007263,
                        339.33526611328125,
                        -0.8455989360809326,
                        -0.5333699584007263,
                        -0.0218808650970459,
                        -13.92082405090332
                    ],
                    "scale": [
                        1,
                        1,
                        1
                    ],
                    "rotation": 0,
                    "weight": [
                        0,
                        0,
                        0,
                        0
                    ],
                    "weightHard": false,
                    "weightScale": [
                        1,
                        1,
                        1
                    ],
                    "mirrored": false,
                    "twinId": 0,
                    "pathable": false,
                    "flooded": false,
                    "mergeable": false,
                    "no_features": false
                },
                {
                    "proj": "BP_Bend",
                    "spec": "/pa/terrain/jungle/brushes/jungle_volcano_06.json",
                    "height": 636.2099609375,
                    "op": "BO_Add",
                    "position": [
                        537.978515625,
                        339.33526611328125,
                        -13.920913696289062
                    ],
                    "transform": [
                        0.2689666748046875,
                        -0.4611065685749054,
                        0.8455989360809326,
                        537.9784545898438,
                        -0.4611065685749054,
                        0.7091524600982666,
                        0.5333699584007263,
                        339.3352355957031,
                        0.8455989360809326,
                        0.5333699584007263,
                        0.0218808650970459,
                        13.920823097229004
                    ],
                    "scale": [
                        1,
                        1,
                        1
                    ],
                    "rotation": 0,
                    "weight": [
                        0,
                        0,
                        0,
                        0
                    ],
                    "weightHard": false,
                    "weightScale": [
                        1,
                        1,
                        1
                    ],
                    "mirrored": true,
                    "twinId": 0,
                    "pathable": false,
                    "flooded": false,
                    "mergeable": false,
