{
    "name": "Moana 4vs4 V4 System",
    "description": "4vs4 Land-Naval team game map with Orbital elements.",
    "creator": "GreatBalancer",
    "version": "1.0",
    "planets": [
        {
            "name": "Moa",
            "mass": 10000,
            "position_x": 46900.00390625,
            "position_y": -1200.0009765625,
            "velocity_x": 2.6405439376831055,
            "velocity_y": 103.20136260986328,
            "required_thrust_to_move": 0,
            "starting_planet": true,
            "respawn": false,
            "start_destroyed": false,
            "min_spawn_delay": 0,
            "max_spawn_delay": 0,
            "planet": {
                "seed": 583044800,
                "radius": 615,
                "heightRange": 31,
                "waterHeight": 38,
                "waterDepth": 100,
                "temperature": 50,
                "metalDensity": 0,
                "metalClusters": 0,
                "metalSpotLimit": -1,
                "biomeScale": 50,
                "biome": "earth",
                "symmetryType": "terrain and CSG",
                "symmetricalMetal": true,
                "symmetricalStarts": false,
                "numArmies": 2,
                "landingZonesPerArmy": 0,
                "landingZoneSize": 0,
                "heightAdjustments": []
            },
            "planetCSG": [
                {
                    "proj": "BP_Bend",
                    "spec": "/pa/terrain/jungle/brushes/jungle_temple.json",
                    "height": 617.2060546875,
                    "op": "BO_Add",
                    "position": [
                        -523.8453369140625,
                        -51.951316833496094,
                        322.22735595703125
                    ],
                    "transform": [
                        -0.3182968199253082,
                        0.42229554057121277,
                        -0.8487364053726196,
                        -523.8452758789062,
                        -0.7070737481117249,
                        -0.7021123766899109,
                        -0.08417174220085144,
                        -51.95130920410156,
                        -0.6314536929130554,
                        0.5733276009559631,
                        0.5220742225646973,
                        322.22735595703125
                    ],
                    "scale": [
                        1,
                        1,
                        1
                    ],
                    "rotation": 3.9776318073272705,
                    "weight": [
                        1,
                        1,
                        1,
                        1
                    ],
                    "weightHard": false,
                    "weightScale": [
                        1,
                        1,
                        1
                    ],
                    "mirrored": false,
                    "twinId": 0,
                    "pathable": false,
                    "flooded": false,
                    "mergeable": false,
                    "no_features": true
                },
                {
                    "proj": "BP_Bend",
                    "spec": "/pa/terrain/jungle/brushes/jungle_temple.json",
                    "height": 617.2060546875,
                    "op": "BO_Add",
                    "position": [
                        -523.8453369140625,
                        -51.951316833496094,
                        322.22735595703125
                    ],
                    "transform": [
                        -0.3182968199253082,
                        0.42229554057121277,
                        -0.8487364053726196,
                        -523.8452758789062,
                        -0.7070737481117249,
                        -0.7021123766899109,
                        -0.08417174220085144,
                        -51.95130920410156,
                        0.6314536929130554,
                        -0.5733276009559631,
                        -0.5220742225646973,
                        -322.2273254394531
                    ],
                    "scale": [
                        1,
                        1,
                        1
                    ],
                    "rotation": 3.9776318073272705,
                    "weight": [
                        1,
                        1,
                        1,
                        1
                    ],
                    "weightHard": false,
                    "weightScale": [
                        1,
                        1,
                        1
                    ],
                    "mirrored": true,
                    "twinId": 0,
                    "pathable": false,
                    "flooded": false,
                    "mergeable": false,
                    "no_features": true
                },
                {
                    "proj": "BP_Bend",
                    "spec": "/pa/terrain/jungle/brushes/jungle_metal_t3_small_2_ramp.json",
                    "height": 597.2312622070312,
                    "op": "BO_Add",
                    "position": [
                        -483.09515380859375,
                        350.3855285644531,
                        -100.76693725585938
                    ],
                    "transform": [
                        -0.4053599536418915,
                        0.4456021785736084,
                        -0.7981991767883301,
                        -476.7095031738281,
                        -0.3117496371269226,
                        0.7534283399581909,
                        0.5789282321929932,
                        345.7540283203125,
                        0.8593575358390808,
                        0.48351263999938965,
                        -0.16649341583251953,
                        -99.43507385253906
                    ],
                    "scale": [
                        1,
                        1,
                        1
                    ],
                    "rotation": -1.139999270439148,
                    "weight": [
                        0,
                        0,
                        0,
                        0
                    ],
                    "weightHard": false,
                    "weightScale": [
                        1,
                        1,
                        1
                    ],
                    "mirrored": false,
                    "twinId": 0,
                    "pathable": true,
                    "flooded": false,
                    "mergeable": false,
                    "no_features": true
                },
                {
                    "proj": "BP_Bend",
                    "spec": "/pa/terrain/jungle/brushes/jungle_metal_t3_small_2_ramp.json",
                    "height": 597.2312622070312,
                    "op": "BO_Add",
                    "position": [
                        -483.09515380859375,
                        350.3855285644531,
                        -100.76693725585938
                    ],
                    "transform": [
                        -0.4053599536418915,
                        0.4456021785736084,
                        -0.7981991767883301,
                        -476.7095031738281,
                        -0.3117496371269226,
                        0.7534283399581909,
                        0.5789282321929932,
                        345.7540283203125,
                        -0.8593575358390808,
                        -0.48351263999938965,
                        0.16649341583251953,
                        99.43507385253906
                    ],
                    "scale": [
                        1,
                        1,
                        1
                    ],
                    "rotation": -1.139999270439148,
                    "weight": [
                        0,
                        0,
                        0,
                        0
                    ],
                    "weightHard": false,
                    "weightScale": [
                        1,
                        1,
                        1
                    ],
                    "mirrored": true,
                    "twinId": 0,
                    "pathable": true,
                    "flooded": false,
                    "mergeable": false,
                    "no_features": true
                },
                {
                    "proj": "BP_Bend",
                    "spec": "/pa/terrain/jungle/brushes/jungle_plateau_01.json",
                    "height": 605.2583618164062,
                    "op": "BO_Add",
                    "position": [
                        -442.44732666015625,
                        412.9856262207031,
                        -4.5748443603515625
                    ],
                    "transform": [
                        0.46156084537506104,
                        0.5025855302810669,
                        -0.7310056686401367,
                        -442.4472961425781,
                        0.5025855302810669,
                        0.5308806896209717,
                        0.6823294162750244,
                        412.985595703125,
                        0.7310056686401367,
                        -0.6823294162750244,
                        -0.007558465003967285,
                        -4.574824333190918
                    ],
                    "scale": [
                        1,
                        1,
                        1
                    ],
                    "rotation": 0,
                    "weight": [
                        0,
                        0,
                        0,
                        0
                    ],
                    "weightHard": false,
                    "weightScale": [
                        1,
                        1,
                        1
                    ],
                    "mirrored": false,
                    "twinId": 0,
                    "pathable": false,
                    "flooded": false,
                    "mergeable": false,
                    "no_features": false
                },
                {
                    "proj": "BP_Bend",
                    "spec": "/pa/terrain/jungle/brushes/jungle_plateau_01.json",
                    "height": 605.2583618164062,
                    "op": "BO_Add",
                    "position": [
                        -442.44732666015625,
                        412.9856262207031,
                        -4.5748443603515625
                    ],
                    "transform": [
                        0.46156084537506104,
                        0.5025855302810669,
                        -0.7310056686401367,
                        -442.4472961425781,
                        0.5025855302810669,
                        0.5308806896209717,
                        0.6823294162750244,
                        412.985595703125,
                        -0.7310056686401367,
                        0.6823294162750244,
                        0.007558465003967285,
                        4.574824333190918
                    ],
                    "scale": [
                        1,
                        1,
                        1
                    ],
                    "rotation": 0,
                    "weight": [
                        0,
                        0,
                        0,
                        0
                    ],
                    "weightHard": false,
                    "weightScale": [
                        1,
                        1,
                        1
                    ],
                    "mirrored": true,
                    "twinId": 0,
                    "pathable": false,
                    "flooded": false,
                    "mergeable": false,
                    "no_features": false
                },
                {
                    "proj": "BP_Bend",
                    "spec": "/pa/terrain/jungle/brushes/jungle_plateau_01.json",
                    "height": 605.1741333007812,
                    "op": "BO_Add",
                    "position": [
                        -453.24835205078125,
                        400.90069580078125,
                        -8.959342956542969
                    ],
                    "transform": [
                        0.43063676357269287,
                        0.5036048889160156,
                        -0.748955249786377,
                        -453.24835205078125,
                        0.5036048889160156,
                        0.5545586943626404,
                        0.6624550819396973,
                        400.9006652832031,
                        0.748955249786377,
                        -0.6624550819396973,
                        -0.014804601669311523,
                        -8.959362030029297
                    ],
                    "scale": [
                        1,
                        1,
                        1
                    ],
                    "rotation": 0,
                    "weight": [
                        0,
                        0,
                        0,
                        0
                    ],
                    "weightHard": false,
                    "weightScale": [
                        1,
                        1,
                        1
                    ],
                    "mirrored": false,
                    "twinId": 0,
                    "pathable": false,
                    "flooded": false,
                    "mergeable": false,
                    "no_features": false
                },
                {
                    "proj": "BP_Bend",
                    "spec": "/pa/terrain/jungle/brushes/jungle_plateau_01.json",
                    "height": 605.1741333007812,
                    "op": "BO_Add",
                    "position": [
                        -453.24835205078125,
                        400.90069580078125,
                        -8.959342956542969
                    ],
                    "transform": [
                        0.43063676357269287,
                        0.5036048889160156,
                        -0.748955249786377,
                        -453.2483215332031,
                        0.5036048889160156,
                        0.5545586943626404,
                        0.6624550819396973,
                        400.9006652832031,
                        -0.748955249786377,
                        0.6624550819396973,
                        0.014804601669311523,
                        8.959362030029297
                    ],
                    "scale": [
                        1,
                        1,
                        1
                    ],
                    "rotation": 0,
                    "weight": [
                        0,
                        0,
                        0,
                        0
                    ],
                    "weightHard": false,
                    "weightScale": [
                        1,
                        1,
                        1
                    ],
                    "mirrored": true,
                    "twinId": 0,
                    "pathable": false,
                    "flooded": false,
                    "mergeable": false,
                    "no_features": false
                },
                {
                    "proj": "BP_Bend",
                    "spec": "/pa/terrain/jungle/brushes/jungle_plateau_01.json",
                    "height": 605.241455078125,
                    "op": "BO_Add",
                    "position": [
                        -463.91864013671875,
                        388.62677001953125,
                        -8.12274169921875
                    ],
                    "transform": [
                        0.4044828414916992,
                        0.4988674521446228,
                        -0.7665017247200012,
                        -463.9186096191406,
                        0.4988674521446228,
                        0.5820964574813843,
                        0.6421020030975342,
                        388.6267395019531,
                        0.7665017247200012,
                        -0.6421020030975342,
                        -0.013420701026916504,
                        -8.122764587402344
                    ],
                    "scale": [
                        1,
                        1,
                        1
                    ],
                    "rotation": 0,
                    "weight": [
                        0,
                        0,
                        0,
                        0
                    ],
                    "weightHard": false,
                    "weightScale": [
                        1,
                        1,
                        1
                    ],
                    "mirrored": false,
                    "twinId": 0,
                    "pathable": false,
                    "flooded": false,
                    "mergeable": false,
                    "no_features": false
                },
                {
                    "proj": "BP_Bend",
                    "spec": "/pa/terrain/jungle/brushes/jungle_plateau_01.json",
                    "height": 605.241455078125,
                    "op": "BO_Add",
                    "position": [
                        -463.91864013671875,
                        388.62677001953125,
                        -8.12274169921875
                    ],
                    "transform": [
                        0.4044828414916992,
                        0.4988674521446228,
                        -0.7665017247200012,
                        -463.9186096191406,
                        0.4988674521446228,
                        0.5820964574813843,
                        0.6421020030975342,
                        388.6267395019531,
                        -0.7665017247200012,
                        0.6421020030975342,
                        0.013420701026916504,
                        8.122764587402344
                    ],
                    "scale": [
                        1,
                        1,
                        1
                    ],
                    "rotation": 0,
                    "weight": [
                        0,
                        0,
                        0,
                        0
                    ],
                    "weightHard": false,
                    "weightScale": [
                        1,
                        1,
                        1
                    ],
                    "mirrored": true,
                    "twinId": 0,
                    "pathable": false,
                    "flooded": false,
                    "mergeable": false,
                    "no_features": false
                },
                {
                    "proj": "BP_Bend",
                    "spec": "/pa/terrain/jungle/brushes/jungle_plateau_01.json",
                    "height": 605.1859130859375,
                    "op": "BO_Add",
                    "position": [
                        -436.46026611328125,
                        419.1700744628906,
                        -6.991573333740234
                    ],
                    "transform": [
                        0.47379088401794434,
                        0.5053635239601135,
                        -0.7212004065513611,
                        -436.4603271484375,
                        0.5053635239601135,
                        0.5146562457084656,
                        0.6926302909851074,
                        419.17010498046875,
                        0.7212004065513611,
                        -0.6926302909851074,
                        -0.011552810668945312,
                        -6.991598129272461
                    ],
                    "scale": [
                        1,
                        1,
                        1
                    ],
                    "rotation": 0,
                    "weight": [
                        0,
                        0,
                        0,
                        0
                    ],
                    "weightHard": false,
                    "weightScale": [
                        1,
                        1,
                        1
                    ],
                    "mirrored": false,
                    "twinId": 0,
                    "pathable": false,
                    "flooded": false,
                    "mergeable": false,
                    "no_features": false
                },
                {
                    "proj": "BP_Bend",
                    "spec": "/pa/terrain/jungle/brushes/jungle_plateau_01.json",
                    "height": 605.1859130859375,
                    "op": "BO_Add",
                    "position": [
                        -436.46026611328125,
                        419.1700744628906,
                        -6.991573333740234
                    ],
                    "transform": [
                        0.47379088401794434,
                        0.5053635239601135,
                        -0.7212004065513611,
                        -436.4603271484375,
                        0.5053635239601135,
                        0.5146562457084656,
                        0.6926302909851074,
                        419.17010498046875,
                        -0.7212004065513611,
                        0.6926302909851074,
                        0.011552810668945312,
                        6.991598606109619
                    ],
                    "scale": [
                        1,
                        1,
                        1
                    ],
                    "rotation": 0,
                    "weight": [
                        0,
                        0,
                        0,
                        0
                    ],
                    "weightHard": false,
                    "weightScale": [
                        1,
                        1,
                        1
                    ],
                    "mirrored": true,
                    "twinId": 0,
                    "pathable": false,
                    "flooded": false,
                    "mergeable": false,
                    "no_features": false
                },
                {
                    "proj": "BP_Bend",
                    "spec": "/pa/terrain/jungle/brushes/jungle_volcano_06.json",
                    "height": 610.8946533203125,
                    "op": "BO_Add",
                    "position": [
                        481.59979248046875,
                        374.2554931640625,
                        -34.44968795776367
                    ],
                    "transform": [
                        0.3413594365119934,
                        -0.5118354558944702,
                        0.7883517146110535,
                        481.599853515625,
                        -0.5118354558944702,
                        0.6022480726242065,
                        0.6126351356506348,
                        374.2555236816406,
                        -0.7883517146110535,
                        -0.6126351356506348,
                        -0.05639243125915527,
                        -34.449832916259766
                    ],
                    "scale": [
                        1,
                        1,
                        1
                    ],
                    "rotation": 0,
                    "weight": [
                        0,
                        0,
                        0,
                        0
                    ],
                    "weightHard": false,
                    "weightScale": [
                        1,
                        1,
                        1
                    ],
                    "mirrored": false,
                    "twinId": 0,
                    "pathable": false,
                    "flooded": false,
                    "mergeable": false,
                    "no_features": false
                },
                {
                    "proj": "BP_Bend",
                    "spec": "/pa/terrain/jungle/brushes/jungle_volcano_06.json",
                    "height": 610.8946533203125,
                    "op": "BO_Add",
                    "position": [
                        481.59979248046875,
                        374.2554931640625,
                        -34.44968795776367
                    ],
                    "transform": [
                        0.3413594365119934,
                        -0.5118354558944702,
                        0.7883517146110535,
                        481.5998229980469,
                        -0.5118354558944702,
                        0.6022480726242065,
                        0.6126351356506348,
                        374.2555236816406,
                        0.7883517146110535,
                        0.6126351356506348,
                        0.05639243125915527,
                        34.449832916259766
                    ],
                    "scale": [
                        1,
                        1,
                        1
                    ],
                    "rotation": 0,
                    "weight": [
                        0,
                        0,
                        0,
                        0
                    ],
                    "weightHard": false,
                    "weightScale": [
                        1,
                        1,
                        1
                    ],
                    "mirrored": true,
                    "twinId": 0,
                    "pathable": false,
                    "flooded": false,
                    "mergeable": false,
                    "no_features": false
                },
                {
                    "proj": "BP_Bend",
                    "spec": "/pa/terrain/jungle/brushes/jungle_volcano_06.json",
                    "height": 605.2115478515625,
                    "op": "BO_Add",
                    "position": [
                        71.0526123046875,
                        600.4585571289062,
                        -26.116050720214844
                    ],
                    "transform": [
                        0.9855953454971313,
                        -0.12173225730657578,
                        0.11740127950906754,
                        71.0526123046875,
                        -0.12173225730657578,
                        -0.028747200965881348,
                        0.9921465516090393,
                        600.4585571289062,
                        -0.11740127950906754,
                        -0.9921465516090393,
                        -0.04315185546875,
                        -26.11600112915039
                    ],
                    "scale": [
                        1,
                        1,
                        1
                    ],
                    "rotation": 0,
                    "weight": [
                        0,
                        0,
                        0,
                        0
                    ],
                    "weightHard": false,
                    "weightScale": [
                        1,
                        1,
                        1
                    ],
                    "mirrored": false,
                    "twinId": 0,
                    "pathable": false,
                    "flooded": false,
                    "mergeable": false,
                    "no_features": false
                },
                {
                    "proj": "BP_Bend",
                    "spec": "/pa/terrain/jungle/brushes/jungle_volcano_06.json",
                    "height": 605.2115478515625,
                    "op": "BO_Add",
                    "position": [
                        71.0526123046875,
                        600.4585571289062,
                        -26.116050720214844
                    ],
                    "transform": [
                        0.9855953454971313,
                        -0.12173225730657578,
                        0.11740127950906754,
                        71.05261993408203,
                        -0.12173225730657578,
                        -0.028747200965881348,
                        0.9921465516090393,
                        600.4585571289062,
                        0.11740127950906754,
                        0.9921465516090393,
                        0.04315185546875,
                        26.116003036499023
                    ],
                    "scale": [
                        1,
                        1,
                        1
                    ],
                    "rotation": 0,
                    "weight": [
                        0,
                        0,
                        0,
                        0
                    ],
                    "weightHard": false,
                    "weightScale": [
                        1,
                        1,
                        1
                    ],
                    "mirrored": true,
                    "twinId": 0,
                    "pathable": false,
                    "flooded": false,
                    "mergeable": false,
                    "no_features": false
                },
                {
                    "proj": "BP_Bend",
                    "spec": "/pa/terrain/jungle/brushes/jungle_plateau_06.json",
                    "height": 608.9558715820312,
                    "op": "BO_Add",
                    "position": [
                        -299.82952880859375,
                        529.9708862304688,
                        -7.767822265625
                    ],
                    "transform": [
                        0.7760640978813171,
                        -0.35397690534591675,
                        -0.4825192987918854,
                        -299.82952880859375,
                        0.4330015182495117,
                        -0.21328571438789368,
                        0.8528885841369629,
                        529.9708862304688,
                        -0.4130789041519165,
                        -0.8885998129844666,
                        -0.012500870041549206,
                        -7.7678351402282715
                    ],
                    "scale": [
                        0.9800000190734863,
                        0.9800000190734863,
                        0.9800000190734863
                    ],
                    "rotation": 0.9499993920326233,
                    "weight": [
                        0,
                        0,
                        0,
                        0
                    ],
                    "weightHard": false,
                    "weightScale": [
                        1,
                        1,
                        1
                    ],
                    "mirrored": false,
                    "twinId": 0,
                    "pathable": false,
                    "flooded": false,
                    "mergeable": false,
                    "no_features": false
                },
                {
                    "proj": "BP_Bend",
                    "spec": "/pa/terrain/jungle/brushes/jungle_plateau_06.json",
                    "height": 608.9558715820312,
                    "op": "BO_Add",
                    "position": [
                        -299.82952880859375,
                        529.9708862304688,
                        -7.767822265625
                    ],
                    "transform": [
                        0.7760640978813171,
                        -0.35397690534591675,
                        -0.4825192987918854,
                        -299.82952880859375,
                        0.4330015182495117,
                        -0.21328571438789368,
                        0.8528885841369629,
                        529.9708862304688,
                        0.4130789041519165,
                        0.8885998129844666,
                        0.012500870041549206,
                        7.7678351402282715
                    ],
                    "scale": [
                        0.9800000190734863,
                        0.9800000190734863,
                        0.9800000190734863
                    ],
                    "rotation": 0.9499993920326233,
                    "weight": [
                        0,
                        0,
                        0,
                        0
                    ],
                    "weightHard": false,
                    "weightScale": [
                        1,
                        1,
                        1
                    ],
                    "mirrored": true,
                    "twinId": 0,
                    "pathable": false,
                    "flooded": false,
                    "mergeable": false,
                    "no_features": false
                },
                {
                    "proj": "BP_Bend",
                    "spec": "/pa/terrain/jungle/brushes/jungle_t1_large_8_ramp.json",
                    "height": 618.7798461914062,
                    "op": "BO_Add",
                    "position": [
                        466.422119140625,
                        -304.46258544921875,
                        -269.520751953125
                    ],
                    "transform": [
                        -0.24380755424499512,
                        0.6102278828620911,
                        0.753777265548706,
                        466.42218017578125,
                        0.4061206877231598,
                        0.7700426578521729,
                        -0.4920370876789093,
                        -304.462646484375,
                        -0.8806953430175781,
                        0.18616220355033875,
                        -0.43556833267211914,
                        -269.5209045410156
                    ],
                    "scale": [
                        1,
                        1,
                        1
                    ],
                    "rotation": -0.3699999451637268,
                    "weight": [
                        0,
                        0,
                        0,
                        0
                    ],
                    "weightHard": false,
                    "weightScale": [
                        1,
                        1,
                        1
                    ],
                    "mirrored": false,
                    "twinId": 0,
                    "pathable": true,
                    "flooded": false,
                    "mergeable": false,
                    "no_features": false
                },
                {
                    "proj": "BP_Bend",
                    "spec": "/pa/terrain/jungle/brushes/jungle_t1_large_8_ramp.json",
                    "height": 618.7798461914062,
                    "op": "BO_Add",
                    "position": [
                        466.422119140625,
                        -304.46258544921875,
                        -269.520751953125
                    ],
                    "transform": [
                        -0.24380755424499512,
                        0.6102278828620911,
                        0.753777265548706,
                        466.42218017578125,
                        0.4061206877231598,
                        0.7700426578521729,
                        -0.4920370876789093,
                        -304.462646484375,
                        0.8806953430175781,
                        -0.18616220355033875,
                        0.43556833267211914,
                        269.5209045410156
                    ],
                    "scale": [
                        1,
                        1,
                        1
                    ],
                    "rotation": -0.3699999451637268,
                    "weight": [
                        0,
                        0,
                        0,
                        0
                    ],
                    "weightHard": false,
                    "weightScale": [
                        1,
                        1,
                        1
                    ],
                    "mirrored": true,
                    "twinId": 0,
                    "pathable": true,
                    "flooded": false,
                    "mergeable": false,
                    "no_features": false
                },
                {
                    "proj": "BP_Bend",
                    "spec": "/pa/terrain/jungle/brushes/jungle_volcano_06.json",
                    "height": 605.2491455078125,
                    "op": "BO_Add",
                    "position": [
                        108.45614624023438,
                        -584.789306640625,
                        -112.18387603759766
                    ],
                    "transform": [
                        0.960584282875061,
                        0.21252745389938354,
                        0.17919258773326874,
                        108.45616149902344,
                        0.21252745389938354,
                        -0.14593589305877686,
                        -0.9661961793899536,
                        -584.7894287109375,
                        -0.17919258773326874,
                        0.9661961793899536,
                        -0.18535161018371582,
                        -112.18390655517578
                    ],
                    "scale": [
                        1,
                        1,
                        1
                    ],
                    "rotation": 0,
                    "weight": [
                        0,
                        0,
                        0,
                        0
                    ],
                    "weightHard": false,
                    "weightScale": [
                        1,
                        1,
                        1
                    ],
                    "mirrored": false,
                    "twinId": 0,
                    "pathable": false,
                    "flooded": false,
                    "mergeable": false,
                    "no_features": false
                },
                {
                    "proj": "BP_Bend",
                    "spec": "/pa/terrain/jungle/brushes/jungle_volcano_06.json",
                    "height": 605.2491455078125,
                    "op": "BO_Add",
                    "position": [
                        108.45614624023438,
                        -584.789306640625,
                        -112.18387603759766
                    ],
                    "transform": [
                        0.960584282875061,
                        0.21252745389938354,
                        0.17919258773326874,
                        108.45616149902344,
                        0.21252745389938354,
                        -0.14593589305877686,
                        -0.9661961793899536,
                        -584.7894287109375,
                        0.17919258773326874,
                        -0.9661961793899536,
                        0.18535161018371582,
                        112.18390655517578
                    ],
                    "scale": [
                        1,
                        1,
                        1
                    ],
                    "rotation": 0,
                    "weight": [
                        0,
                        0,
                        0,
                        0
                    ],
                    "weightHard": false,
