{
    "name": "Moonlight Shadow 5P FFA V2 System",
    "description": "5 players FFA only system.Landmass.",
    "creator": "GreatBalancer",
    "version": "1.0",
    "planets": [
        {
            "name": "Moonlight Shadow",
            "mass": 35000,
            "position_x": 58500,
            "position_y": 400,
            "velocity_x": -0.6321188807487488,
            "velocity_y": 92.4468002319336,
            "required_thrust_to_move": 0,
            "starting_planet": true,
            "respawn": false,
            "start_destroyed": false,
            "min_spawn_delay": 0,
            "max_spawn_delay": 0,
            "planet": {
                "seed": 192233856,
                "radius": 700,
                "heightRange": 0,
                "waterHeight": 0,
                "waterDepth": 0,
                "temperature": 50,
                "metalDensity": 0,
                "metalClusters": 0,
                "metalSpotLimit": -1,
                "biomeScale": 50,
                "biome": "moon",
                "symmetryType": "none",
                "symmetricalMetal": false,
                "symmetricalStarts": false,
                "numArmies": 2,
                "landingZonesPerArmy": 0,
                "landingZoneSize": 0,
                "heightAdjustments": []
            },
            "planetCSG": [
                {
                    "spec": "/pa/terrain/lava/brushes/lava_volcano_06.json",
                    "proj": "BP_Bend",
                    "op": "BO_Add",
                    "position": [
                        -105.34654235839844,
                        -678.691162109375,
                        -140.95750427246094
                    ],
                    "height": 701.1337890625,
                    "transform": [
                        0.9717437028884888,
                        -0.1820399910211563,
                        -0.15025168657302856,
                        -105.3465347290039,
                        -0.1820399910211563,
                        -0.17278587818145752,
                        -0.9679909348487854,
                        -678.691162109375,
                        0.15025168657302856,
                        0.9679909348487854,
                        -0.20104217529296875,
                        -140.95745849609375
                    ],
                    "scale": [
                        1,
                        1,
                        1
                    ],
                    "rotation": 0,
                    "weight": [
                        0,
                        0,
                        0,
                        0
                    ],
                    "weightHard": false,
                    "weightScale": [
                        1,
                        1,
                        1
                    ],
                    "mirrored": false,
                    "twinId": 0,
                    "flooded": false,
                    "pathable": false,
                    "mergeable": false,
                    "no_features": false
                },
                {
                    "spec": "/pa/terrain/lava/brushes/lava_volcano_06.json",
                    "proj": "BP_Bend",
                    "op": "BO_Add",
                    "position": [
                        -138.51878356933594,
                        -686.3245849609375,
                        -31.442893981933594
                    ],
                    "height": 700.869140625,
                    "transform": [
                        0.9591042995452881,
                        -0.20262758433818817,
                        -0.1976385861635208,
                        -138.51878356933594,
                        -0.20262758433818817,
                        -0.0039670467376708984,
                        -0.9792478680610657,
                        -686.3245849609375,
                        0.1976385861635208,
                        0.9792478680610657,
                        -0.04486274719238281,
                        -31.442914962768555
                    ],
                    "scale": [
                        1,
                        1,
                        1
                    ],
                    "rotation": 0,
                    "weight": [
                        0,
                        0,
                        0,
                        0
                    ],
                    "weightHard": false,
                    "weightScale": [
                        1,
                        1,
                        1
                    ],
                    "mirrored": false,
                    "twinId": 0,
                    "flooded": false,
                    "pathable": false,
                    "mergeable": false,
                    "no_features": false
                },
                {
                    "spec": "/pa/terrain/lava/brushes/lava_volcano_06.json",
                    "proj": "BP_Bend",
                    "op": "BO_Add",
                    "position": [
                        -195.5791015625,
                        -669.7958984375,
                        70.12306213378906
                    ],
                    "height": 701.2809448242188,
                    "transform": [
                        0.9292916059494019,
                        -0.24215362966060638,
                        -0.27888837456703186,
                        -195.5791015625,
                        -0.24215362966060638,
                        0.17070120573043823,
                        -0.9551035165786743,
                        -669.7958984375,
                        0.27888837456703186,
                        0.9551035165786743,
                        0.09999281167984009,
                        70.12305450439453
                    ],
                    "scale": [
                        1,
                        1,
                        1
                    ],
                    "rotation": 0,
                    "weight": [
                        0,
                        0,
                        0,
                        0
                    ],
                    "weightHard": false,
                    "weightScale": [
                        1,
                        1,
                        1
                    ],
                    "mirrored": false,
                    "twinId": 0,
                    "flooded": false,
                    "pathable": false,
                    "mergeable": false,
                    "no_features": false
                },
                {
                    "spec": "/pa/terrain/lava/brushes/lava_volcano_06.json",
                    "proj": "BP_Bend",
                    "op": "BO_Add",
                    "position": [
                        -221.10731506347656,
                        -640.698974609375,
                        173.14532470703125
                    ],
                    "height": 699.5447998046875,
                    "transform": [
                        0.9199187755584717,
                        -0.23204997181892395,
                        -0.31607311964035034,
                        -221.1072998046875,
                        -0.23204997181892395,
                        0.32759273052215576,
                        -0.9158797860145569,
                        -640.6989135742188,
                        0.31607311964035034,
                        0.9158797860145569,
                        0.24751150608062744,
                        173.1453857421875
                    ],
                    "scale": [
                        1,
                        1,
                        1
                    ],
                    "rotation": 0,
                    "weight": [
                        0,
                        0,
                        0,
                        0
                    ],
                    "weightHard": false,
                    "weightScale": [
                        1,
                        1,
                        1
                    ],
                    "mirrored": false,
                    "twinId": 0,
                    "flooded": false,
                    "pathable": false,
                    "mergeable": false,
                    "no_features": false
                },
                {
                    "spec": "/pa/terrain/lava/brushes/lava_volcano_06.json",
                    "proj": "BP_Bend",
                    "op": "BO_Add",
                    "position": [
                        -278.5455627441406,
                        -603.5697021484375,
                        216.1195068359375
                    ],
                    "height": 698.9932861328125,
                    "transform": [
                        0.8787044286727905,
                        -0.2628306746482849,
                        -0.3984953463077545,
                        -278.5455627441406,
                        -0.2628306746482849,
                        0.43048232793807983,
                        -0.8634842038154602,
                        -603.5696411132812,
                        0.3984953463077545,
                        0.8634842038154602,
                        0.30918675661087036,
                        216.1194610595703
                    ],
                    "scale": [
                        1,
                        1,
                        1
                    ],
                    "rotation": 0,
                    "weight": [
                        0,
                        0,
                        0,
                        0
                    ],
                    "weightHard": false,
                    "weightScale": [
                        1,
                        1,
                        1
                    ],
                    "mirrored": false,
                    "twinId": 0,
                    "flooded": false,
                    "pathable": false,
                    "mergeable": false,
                    "no_features": false
                },
                {
                    "spec": "/pa/terrain/lava/brushes/lava_volcano_06.json",
                    "proj": "BP_Bend",
                    "op": "BO_Add",
                    "position": [
                        -102.50647735595703,
                        -656.0679931640625,
                        219.49908447265625
                    ],
                    "height": 699.3659057617188,
                    "transform": [
                        0.9836488962173462,
                        -0.10465115308761597,
                        -0.1465706080198288,
                        -102.50648498535156,
                        -0.10465115308761597,
                        0.3302055597305298,
                        -0.9380897879600525,
                        -656.0679931640625,
                        0.1465706080198288,
                        0.9380897879600525,
                        0.313854455947876,
                        219.4990997314453
                    ],
                    "scale": [
                        1,
                        1,
                        1
                    ],
                    "rotation": 0,
                    "weight": [
                        0,
                        0,
                        0,
                        0
                    ],
                    "weightHard": false,
                    "weightScale": [
                        1,
                        1,
                        1
                    ],
                    "mirrored": false,
                    "twinId": 0,
                    "flooded": false,
                    "pathable": false,
                    "mergeable": false,
                    "no_features": false
                },
                {
                    "spec": "/pa/terrain/lava/brushes/lava_volcano_06.json",
                    "proj": "BP_Bend",
                    "op": "BO_Add",
                    "position": [
                        -82.68521118164062,
                        -683.4447021484375,
                        129.1855010986328
                    ],
                    "height": 700.4444580078125,
                    "transform": [
                        0.9882348775863647,
                        -0.09724630415439606,
                        -0.11804677546024323,
                        -82.68521118164062,
                        -0.09724630415439606,
                        0.19619876146316528,
                        -0.9757300615310669,
                        -683.4447021484375,
                        0.11804677546024323,
                        0.9757300615310669,
                        0.18443357944488525,
                        129.18548583984375
                    ],
                    "scale": [
                        1,
                        1,
                        1
                    ],
                    "rotation": 0,
                    "weight": [
                        0,
                        0,
                        0,
                        0
                    ],
                    "weightHard": false,
                    "weightScale": [
                        1,
                        1,
                        1
                    ],
                    "mirrored": false,
                    "twinId": 0,
                    "flooded": false,
                    "pathable": false,
                    "mergeable": false,
                    "no_features": false
                },
                {
                    "spec": "/pa/terrain/lava/brushes/lava_volcano_06.json",
                    "proj": "BP_Bend",
                    "op": "BO_Add",
                    "position": [
                        -77.6242904663086,
                        -694.2711181640625,
                        52.82090759277344
                    ],
                    "height": 700.5911865234375,
                    "transform": [
                        0.9885843992233276,
                        -0.10210089385509491,
                        -0.11079829186201096,
                        -77.62430572509766,
                        -0.10210089385509491,
                        0.08681035041809082,
                        -0.9909790754318237,
                        -694.2711791992188,
                        0.11079829186201096,
                        0.9909790754318237,
                        0.07539474964141846,
                        52.82089614868164
                    ],
                    "scale": [
                        1,
                        1,
                        1
                    ],
                    "rotation": 0,
                    "weight": [
                        0,
                        0,
                        0,
                        0
                    ],
                    "weightHard": false,
                    "weightScale": [
                        1,
                        1,
                        1
                    ],
                    "mirrored": false,
                    "twinId": 0,
                    "flooded": false,
                    "pathable": false,
                    "mergeable": false,
                    "no_features": false
                },
                {
                    "spec": "/pa/terrain/lava/brushes/lava_volcano_06.json",
                    "proj": "BP_Bend",
                    "op": "BO_Add",
                    "position": [
                        -18.495216369628906,
                        -699.43701171875,
                        -39.03407287597656
                    ],
                    "height": 700.7694702148438,
                    "transform": [
                        0.9992623329162598,
                        -0.027896422892808914,
                        -0.026392724364995956,
                        -18.495216369628906,
                        -0.027896422892808914,
                        -0.05496418476104736,
                        -0.9980985522270203,
                        -699.43701171875,
                        0.026392724364995956,
                        0.9980985522270203,
                        -0.0557018518447876,
                        -39.034156799316406
                    ],
                    "scale": [
                        1,
                        1,
                        1
                    ],
                    "rotation": 0,
                    "weight": [
                        0,
                        0,
                        0,
                        0
                    ],
                    "weightHard": false,
                    "weightScale": [
                        1,
                        1,
                        1
                    ],
                    "mirrored": false,
                    "twinId": 0,
                    "flooded": false,
                    "pathable": false,
                    "mergeable": false,
                    "no_features": false
                },
                {
                    "spec": "/pa/terrain/lava/brushes/lava_volcano_06.json",
                    "proj": "BP_Bend",
                    "op": "BO_Add",
                    "position": [
                        46.48041534423828,
                        -695.272216796875,
                        67.38229370117188
                    ],
                    "height": 700.074462890625,
                    "transform": [
                        0.9959789514541626,
                        0.06014877185225487,
                        0.06639353185892105,
                        46.48041534423828,
                        0.06014877185225487,
                        0.10027116537094116,
                        -0.993140459060669,
                        -695.2722778320312,
                        -0.06639353185892105,
                        0.993140459060669,
                        0.09625011682510376,
                        67.38224792480469
                    ],
                    "scale": [
                        1,
                        1,
                        1
                    ],
                    "rotation": 0,
                    "weight": [
                        0,
                        0,
                        0,
                        0
                    ],
                    "weightHard": false,
                    "weightScale": [
                        1,
                        1,
                        1
                    ],
                    "mirrored": false,
                    "twinId": 0,
                    "flooded": false,
                    "pathable": false,
                    "mergeable": false,
                    "no_features": false
                },
                {
                    "spec": "/pa/terrain/lava/brushes/lava_volcano_06.json",
                    "proj": "BP_Bend",
                    "op": "BO_Add",
                    "position": [
                        8.436279296875,
                        -673.721923828125,
                        185.63414001464844
                    ],
                    "height": 698.87939453125,
                    "transform": [
                        0.999884843826294,
                        0.009194429963827133,
                        0.012071150355041027,
                        8.436278343200684,
                        0.009194429963827133,
                        0.2657321095466614,
                        -0.9640029668807983,
                        -673.7218017578125,
                        -0.012071150355041027,
                        0.9640029668807983,
                        0.2656169533729553,
                        185.63421630859375
                    ],
                    "scale": [
                        1,
                        1,
                        1
                    ],
                    "rotation": 0,
                    "weight": [
                        0,
                        0,
                        0,
                        0
                    ],
                    "weightHard": false,
                    "weightScale": [
                        1,
                        1,
                        1
                    ],
                    "mirrored": false,
                    "twinId": 0,
                    "flooded": false,
                    "pathable": false,
                    "mergeable": false,
                    "no_features": false
                },
                {
                    "spec": "/pa/terrain/lava/brushes/lava_volcano_06.json",
                    "proj": "BP_Bend",
                    "op": "BO_Add",
                    "position": [
                        108.81565856933594,
                        -664.915283203125,
                        182.78289794921875
                    ],
                    "height": 698.1137084960938,
                    "transform": [
                        0.9807455539703369,
                        0.1176539808511734,
                        0.1558709740638733,
                        108.81566619873047,
                        0.1176539808511734,
                        0.2810784578323364,
                        -0.9524455070495605,
                        -664.915283203125,
                        -0.1558709740638733,
                        0.9524455070495605,
                        0.26182401180267334,
                        182.78292846679688
                    ],
                    "scale": [
                        1,
                        1,
                        1
                    ],
                    "rotation": 0,
                    "weight": [
                        0,
                        0,
                        0,
                        0
                    ],
                    "weightHard": false,
                    "weightScale": [
                        1,
                        1,
                        1
                    ],
                    "mirrored": false,
                    "twinId": 0,
                    "flooded": false,
                    "pathable": false,
                    "mergeable": false,
                    "no_features": false
                },
                {
                    "spec": "/pa/terrain/lava/brushes/lava_volcano_06.json",
                    "proj": "BP_Bend",
                    "op": "BO_Add",
                    "position": [
                        177.0227813720703,
                        -648.42333984375,
                        186.68836975097656
                    ],
                    "height": 697.5975952148438,
                    "transform": [
                        0.9492003917694092,
                        0.1860758662223816,
                        0.25376057624816895,
                        177.02276611328125,
                        0.1860758662223816,
                        0.3184157609939575,
                        -0.9295091032981873,
                        -648.42333984375,
                        -0.25376057624816895,
                        0.9295091032981873,
                        0.2676161527633667,
                        186.68838500976562
                    ],
                    "scale": [
                        1,
                        1,
                        1
                    ],
                    "rotation": 0,
                    "weight": [
                        0,
                        0,
                        0,
                        0
                    ],
                    "weightHard": false,
                    "weightScale": [
                        1,
                        1,
                        1
                    ],
                    "mirrored": false,
                    "twinId": 0,
                    "flooded": false,
                    "pathable": false,
                    "mergeable": false,
                    "no_features": false
                },
                {
                    "spec": "/pa/terrain/lava/brushes/lava_volcano_06.json",
                    "proj": "BP_Bend",
                    "op": "BO_Add",
                    "position": [
                        139.98873901367188,
                        -670.2818603515625,
                        135.15472412109375
                    ],
                    "height": 697.9552001953125,
                    "transform": [
                        0.9662979245185852,
                        0.1613692194223404,
                        0.20056979358196259,
                        139.9887237548828,
                        0.1613692194223404,
                        0.22734594345092773,
                        -0.9603508114814758,
                        -670.2818603515625,
                        -0.20056979358196259,
                        0.9603508114814758,
                        0.19364386796951294,
                        135.1547393798828
                    ],
                    "scale": [
                        1,
                        1,
                        1
                    ],
                    "rotation": 0,
                    "weight": [
                        0,
                        0,
                        0,
                        0
                    ],
                    "weightHard": false,
                    "weightScale": [
                        1,
                        1,
                        1
                    ],
                    "mirrored": false,
                    "twinId": 0,
                    "flooded": false,
                    "pathable": false,
                    "mergeable": false,
                    "no_features": false
                },
                {
                    "spec": "/pa/terrain/lava/brushes/lava_volcano_06.json",
                    "proj": "BP_Bend",
                    "op": "BO_Add",
                    "position": [
                        -249.74053955078125,
                        -531.9814453125,
                        375.1624755859375
                    ],
                    "height": 697.22412109375,
                    "transform": [
                        0.9165830612182617,
                        -0.17768947780132294,
                        -0.3581926226615906,
                        -249.74053955078125,
                        -0.17768947780132294,
                        0.6214971542358398,
                        -0.7629991769790649,
                        -531.9814453125,
                        0.3581926226615906,
                        0.7629991769790649,
                        0.5380802154541016,
                        375.1625061035156
                    ],
                    "scale": [
                        1,
                        1,
                        1
                    ],
                    "rotation": 0,
                    "weight": [
                        0,
                        0,
                        0,
                        0
                    ],
                    "weightHard": false,
                    "weightScale": [
                        1,
                        1,
                        1
                    ],
                    "mirrored": false,
                    "twinId": 0,
                    "flooded": false,
                    "pathable": false,
                    "mergeable": false,
                    "no_features": false
                },
                {
                    "spec": "/pa/terrain/lava/brushes/lava_volcano_06.json",
                    "proj": "BP_Bend",
                    "op": "BO_Add",
                    "position": [
                        -176.93682861328125,
                        -487.4134521484375,
                        464.7489013671875
                    ],
                    "height": 696.3261108398438,
                    "transform": [
                        0.9612774848937988,
                        -0.10667011886835098,
                        -0.2541005313396454,
                        -176.93682861328125,
                        -0.10667011886835098,
                        0.7061524391174316,
                        -0.6999786496162415,
                        -487.4134216308594,
                        0.2541005313396454,
                        0.6999786496162415,
                        0.6674299240112305,
                        464.7488708496094
                    ],
                    "scale": [
                        1,
                        1,
                        1
                    ],
                    "rotation": 0,
                    "weight": [
                        0,
                        0,
                        0,
                        0
                    ],
                    "weightHard": false,
                    "weightScale": [
                        1,
                        1,
                        1
                    ],
                    "mirrored": false,
                    "twinId": 0,
                    "flooded": false,
                    "pathable": false,
                    "mergeable": false,
                    "no_features": false
                },
                {
                    "spec": "/pa/terrain/lava/brushes/lava_volcano_06.json",
                    "proj": "BP_Bend",
                    "op": "BO_Add",
                    "position": [
                        -123.1160888671875,
                        -437.155517578125,
                        528.657470703125
                    ],
                    "height": 696.951416015625,
                    "transform": [
                        0.9822550415992737,
                        -0.06300809979438782,
                        -0.17664945125579834,
                        -123.1160888671875,
                        -0.06300809979438782,
                        0.7762734293937683,
                        -0.6272396445274353,
                        -437.1555480957031,
                        0.17664945125579834,
                        0.6272396445274353,
                        0.758528470993042,
                        528.657470703125
                    ],
                    "scale": [
                        1,
                        1,
                        1
                    ],
                    "rotation": 0,
                    "weight": [
                        0,
                        0,
                        0,
                        0
                    ],
                    "weightHard": false,
                    "weightScale": [
                        1,
                        1,
                        1
                    ],
                    "mirrored": false,
                    "twinId": 0,
                    "flooded": false,
                    "pathable": false,
                    "mergeable": false,
                    "no_features": false
                },
                {
                    "spec": "/pa/terrain/lava/brushes/lava_volcano_06.json",
                    "proj": "BP_Bend",
                    "op": "BO_Add",
                    "position": [
                        -15.208251953125,
                        -371.22509765625,
                        591.5716552734375
                    ],
                    "height": 698.5673828125,
                    "transform": [
                        0.9997433423995972,
                        -0.00626428984105587,
                        -0.02177063189446926,
                        -15.208252906799316,
                        -0.00626428984105587,
                        0.8470921516418457,
                        -0.5314092040061951,
                        -371.2251281738281,
                        0.02177063189446926,
                        0.5314092040061951,
                        0.8468354940414429,
                        591.5716552734375
                    ],
                    "scale": [
                        1,
                        1,
                        1
                    ],
                    "rotation": 0,
                    "weight": [
                        0,
                        0,
                        0,
                        0
                    ],
                    "weightHard": false,
                    "weightScale": [
                        1,
                        1,
                        1
                    ],
                    "mirrored": false,
                    "twinId": 0,
                    "flooded": false,
                    "pathable": false,
                    "mergeable": false,
                    "no_features": false
                },
                {
                    "spec": "/pa/terrain/lava/brushes/lava_volcano_06.json",
                    "proj": "BP_Bend",
                    "op": "BO_Add",
                    "position": [
                        69.58544921875,
                        -334.2567138671875,
                        609.851318359375
                    ],
                    "height": 698.9193725585938,
                    "transform": [
                        0.9947064518928528,
                        0.02542775310575962,
                        0.09956149011850357,
                        69.58545684814453,
                        0.02542775310575962,
                        0.8778566718101501,
                        -0.4782479405403137,
                        -334.2567443847656,
                        -0.09956149011850357,
                        0.4782479405403137,
                        0.8725631237030029,
                        609.8512573242188
                    ],
                    "scale": [
                        1,
                        1,
                        1
                    ],
                    "rotation": 0,
                    "weight": [
                        0,
                        0,
                        0,
                        0
                    ],
                    "weightHard": false,
                    "weightScale": [
                        1,
                        1,
                        1
                    ],
                    "mirrored": false,
                    "twinId": 0,
                    "flooded": false,
                    "pathable": false,
                    "mergeable": false,
                    "no_features": false
                },
                {
                    "spec": "/pa/terrain/lava/brushes/lava_volcano_06.json",
                    "proj": "BP_Bend",
                    "op": "BO_Add",
                    "position": [
                        84.97291564941406,
                        -410.006103515625,
                        559.1514892578125
                    ],
                    "height": 698.5526123046875,
                    "transform": [
                        0.9917816519737244,
                        0.03965456411242485,
                        0.1216413825750351,
                        84.97290802001953,
                        0.03965456411242485,
                        0.8086612224578857,
                        -0.5869365334510803,
                        -410.00604248046875,
                        -0.1216413825750351,
                        0.5869365334510803,
                        0.8004429340362549,
                        559.1514892578125
                    ],
                    "scale": [
                        1,
                        1,
                        1
                    ],
                    "rotation": 0,
                    "weight": [
                        0,
                        0,
                        0,
                        0
                    ],
                    "weightHard": false,
                    "weightScale": [
                        1,
                        1,
                        1
                    ],
                    "mirrored": false,
                    "twinId": 0,
                    "flooded": false,
                    "pathable": false,
                    "mergeable": false,
                    "no_features": false
                },
                {
                    "spec": "/pa/terrain/lava/brushes/lava_volcano_06.json",
                    "proj": "BP_Bend",
                    "op": "BO_Add",
                    "position": [
                        3.329742431640625,
                        -439.4266357421875,
                        542.089111328125
                    ],
                    "height": 697.8305053710938,
                    "transform": [
                        0.9999871850013733,
                        0.0016910383710637689,
                        0.00477156275883317,
                        3.329741954803467,
                        0.0016910383710637689,
                        0.7768334150314331,
                        -0.629703938961029,
                        -439.4266052246094,
                        -0.00477156275883317,
                        0.629703938961029,
                        0.7768205404281616,
                        542.0890502929688
                    ],
                    "scale": [
                        1,
                        1,
                        1
                    ],
                    "rotation": 0,
                    "weight": [
                        0,
                        0,
                        0,
                        0
                    ],
                    "weightHard": false,
                    "weightScale": [
                        1,
                        1,
                        1
                    ],
                    "mirrored": false,
                    "twinId": 0,
                    "flooded": false,
                    "pathable": false,
                    "mergeable": false,
                    "no_features": false
                },
                {
                    "spec": "/pa/terrain/lava/brushes/lava_volcano_06.json",
                    "proj": "BP_Bend",
                    "op": "BO_Add",
                    "position": [
                        -43.630615234375,
                        -512.0786743164062,
                        470.360107421875
                    ],
                    "height": 696.6827392578125,
                    "transform": [
                        0.9976586699485779,
                        -0.027479330077767372,
                        -0.06262622773647308,
                        -43.630611419677734,
                        -0.027479330077767372,
                        0.677483856678009,
                        -0.7350241541862488,
                        -512.07861328125,
                        0.06262622773647308,
                        0.7350241541862488,
                        0.6751425266265869,
                        470.3601379394531
                    ],
                    "scale": [
                        1,
                        1,
                        1
                    ],
                    "rotation": 0,
                    "weight": [
                        0,
                        0,
                        0,
                        0
                    ],
                    "weightHard": false,
                    "weightScale": [
                        1,
                        1,
                        1
                    ],
                    "mirrored": false,
                    "twinId": 0,
                    "flooded": false,
                    "pathable": false,
                    "mergeable": false,
                    "no_features": false
                },
