{
    "name": "Northgard 1vs1 System",
    "description": "1 vs 1 system.Naval-oriented.",
    "creator": "GreatBalancer",
    "version": "1.0",
    "planets": [
        {
            "name": "Northgard",
            "mass": 20000,
            "position_x": 28700,
            "position_y": -3600,
            "velocity_x": -16.363624572753906,
            "velocity_y": -130.45449829101562,
            "required_thrust_to_move": 0,
            "starting_planet": true,
            "respawn": false,
            "start_destroyed": false,
            "min_spawn_delay": 0,
            "max_spawn_delay": 0,
            "planet": {
                "seed": 1358764416,
                "radius": 540,
                "heightRange": 35,
                "waterHeight": 54.000003814697266,
                "waterDepth": 100,
                "temperature": 0,
                "metalDensity": 0,
                "metalClusters": 0,
                "metalSpotLimit": -1,
                "biomeScale": 50,
                "biome": "earth",
                "symmetryType": "terrain and CSG",
                "symmetricalMetal": true,
                "symmetricalStarts": false,
                "numArmies": 2,
                "landingZonesPerArmy": 0,
                "landingZoneSize": 0,
                "heightAdjustments": []
            },
            "planetCSG": [
                {
                    "proj": "BP_Bend",
                    "spec": "/pa/terrain/ice/brushes/ice_cliff_09.json",
                    "height": 543.385009765625,
                    "op": "BO_Add",
                    "position": [
                        -296.9593505859375,
                        321.7781982421875,
                        321.7781982421875
                    ],
                    "transform": [
                        0.32501596212387085,
                        -0.7718183398246765,
                        -0.5464988946914673,
                        -296.9593200683594,
                        0.8016563057899475,
                        -0.08171752095222473,
                        0.5921734571456909,
                        321.7781677246094,
                        -0.5017089247703552,
                        -0.630570113658905,
                        0.5921735167503357,
                        321.7781982421875
                    ],
                    "scale": [
                        1,
                        1,
                        1
                    ],
                    "rotation": 1.4173862934112549,
                    "weight": [
                        1,
                        1,
                        1,
                        1
                    ],
                    "weightHard": true,
                    "weightScale": [
                        2,
                        2,
                        2
                    ],
                    "mirrored": false,
                    "twinId": 1,
                    "pathable": false,
                    "flooded": false,
                    "mergeable": false,
                    "no_features": false
                },
                {
                    "proj": "BP_Bend",
                    "spec": "/pa/terrain/ice/brushes/ice_cliff_11.json",
                    "height": 547.4990234375,
                    "op": "BO_Add",
                    "position": [
                        376.86737060546875,
                        344.73419189453125,
                        197.1914825439453
                    ],
                    "transform": [
                        -0.06219114363193512,
                        -0.7227139472961426,
                        0.6883434653282166,
                        376.86737060546875,
                        0.5459181666374207,
                        0.5527304410934448,
                        0.6296526193618774,
                        344.73419189453125,
                        -0.8355271816253662,
                        0.4149380028247833,
                        0.3601677417755127,
                        197.1914825439453
                    ],
                    "scale": [
                        1,
                        1,
                        1
                    ],
                    "rotation": 1.2018357515335083,
                    "weight": [
                        1,
                        1,
                        1,
                        1
                    ],
                    "weightHard": true,
                    "weightScale": [
                        4,
                        4,
                        4
                    ],
                    "mirrored": false,
                    "twinId": 2,
                    "pathable": false,
                    "flooded": false,
                    "mergeable": false,
                    "no_features": false
                },
                {
                    "proj": "BP_Bend",
                    "spec": "/pa/terrain/ice/brushes/ice_cliff_09.json",
                    "height": 544.9451904296875,
                    "op": "BO_Add",
                    "position": [
                        -69.84002685546875,
                        -528.0294189453125,
                        115.20670318603516
                    ],
                    "transform": [
                        0.06202273070812225,
                        0.9898122549057007,
                        -0.12815973162651062,
                        -69.84002685546875,
                        -0.22058098018169403,
                        -0.11163779348134995,
                        -0.9689587354660034,
                        -528.0294189453125,
                        -0.9733946919441223,
                        0.08836707472801208,
                        0.21140968799591064,
                        115.20669555664062
                    ],
                    "scale": [
                        1,
                        1,
                        1
                    ],
                    "rotation": 4.671421051025391,
                    "weight": [
                        1,
                        1,
                        1,
                        1
                    ],
                    "weightHard": true,
                    "weightScale": [
                        2,
                        2,
                        2
                    ],
                    "mirrored": false,
                    "twinId": 3,
                    "pathable": false,
                    "flooded": false,
                    "mergeable": false,
                    "no_features": false
                },
                {
                    "proj": "BP_Bend",
                    "spec": "/pa/terrain/ice/brushes/ice_cliff_11.json",
                    "height": 545.7604370117188,
                    "op": "BO_Add",
                    "position": [
                        165.2884979248047,
                        68.20108032226562,
                        515.6381225585938
                    ],
                    "transform": [
                        -0.5646929740905762,
                        -0.7677227258682251,
                        0.3028591275215149,
                        165.2885284423828,
                        0.8221303820610046,
                        -0.5554145574569702,
                        0.12496525794267654,
                        68.20109558105469,
                        0.07227369397878647,
                        0.31955668330192566,
                        0.9448068737983704,
                        515.63818359375
                    ],
                    "scale": [
                        1,
                        1,
                        1
                    ],
                    "rotation": 2.1845595836639404,
                    "weight": [
                        1,
                        1,
                        1,
                        1
                    ],
                    "weightHard": true,
                    "weightScale": [
                        4,
                        4,
                        4
                    ],
                    "mirrored": false,
                    "twinId": 4,
                    "pathable": false,
                    "flooded": false,
                    "mergeable": false,
                    "no_features": false
                },
                {
                    "proj": "BP_Bend",
                    "spec": "/pa/terrain/ice/brushes/ice_cliff_11.json",
                    "height": 547.1573486328125,
                    "op": "BO_Add",
                    "position": [
                        -252.138427734375,
                        481.88055419921875,
                        59.987586975097656
                    ],
                    "transform": [
                        0.004394471645355225,
                        0.8874852657318115,
                        -0.4608151912689209,
                        -252.13841247558594,
                        -0.12126708030700684,
                        0.45789164304733276,
                        0.8806983232498169,
                        481.88055419921875,
                        0.9926102161407471,
                        0.05201148986816406,
                        0.10963493585586548,
                        59.9875602722168
                    ],
                    "scale": [
                        1,
                        1,
                        1
                    ],
                    "rotation": 5.14210319519043,
                    "weight": [
                        1,
                        1,
                        1,
                        1
                    ],
                    "weightHard": true,
                    "weightScale": [
                        4,
                        4,
                        4
                    ],
                    "mirrored": false,
                    "twinId": 5,
                    "pathable": false,
                    "flooded": false,
                    "mergeable": false,
                    "no_features": false
                },
                {
                    "proj": "BP_Bend",
                    "spec": "/pa/terrain/ice/brushes/ice_cliff_11.json",
                    "height": 550.7745361328125,
                    "op": "BO_Add",
                    "position": [
                        -542.9631958007812,
                        91.31489562988281,
                        14.323049545288086
                    ],
                    "transform": [
                        0.11118504405021667,
                        -0.12570470571517944,
                        -0.985817551612854,
                        -542.9631958007812,
                        0.7613076567649841,
                        -0.626835823059082,
                        0.16579361259937286,
                        91.31490325927734,
                        -0.638786792755127,
                        -0.7689442038536072,
                        0.026005208492279053,
                        14.323006629943848
                    ],
                    "scale": [
                        1,
                        1,
                        1
                    ],
                    "rotation": 2.0973780155181885,
                    "weight": [
                        1,
                        1,
                        1,
                        1
                    ],
                    "weightHard": true,
                    "weightScale": [
                        4,
                        4,
                        4
                    ],
                    "mirrored": false,
                    "twinId": 0,
                    "pathable": false,
                    "flooded": false,
                    "mergeable": false,
                    "no_features": false
                },
                {
                    "proj": "BP_Bend",
                    "spec": "/pa/terrain/ice/brushes/ice_cliff_06.json",
                    "height": 553.7305908203125,
                    "op": "BO_Add",
                    "position": [
                        349.7491149902344,
                        248.93504333496094,
                        349.7491149902344
                    ],
                    "transform": [
                        0.5715996026992798,
                        -0.5237613320350647,
                        0.6316232681274414,
                        349.7491149902344,
                        0.2803628444671631,
                        0.8481112122535706,
                        0.44955992698669434,
                        248.93508911132812,
                        -0.7711488008499146,
                        -0.0798845887184143,
                        0.6316232681274414,
                        349.7491149902344
                    ],
                    "scale": [
                        1,
                        1,
                        1
                    ],
                    "rotation": 0.5153471231460571,
                    "weight": [
                        1,
                        1,
                        1,
                        1
                    ],
                    "weightHard": true,
                    "weightScale": [
                        2,
                        2,
                        2
                    ],
                    "mirrored": false,
                    "twinId": 6,
                    "pathable": false,
                    "flooded": false,
                    "mergeable": false,
                    "no_features": false
                },
                {
                    "proj": "BP_Bend",
                    "spec": "/pa/terrain/ice/brushes/ice_cliff_05.json",
                    "height": 545.5779418945312,
                    "op": "BO_Add",
                    "position": [
                        356.56793212890625,
                        356.56793212890625,
                        208.26431274414062
                    ],
                    "transform": [
                        0.10868817567825317,
                        0.749030351638794,
                        0.6535597443580627,
                        356.5677795410156,
                        -0.5801661014556885,
                        -0.486072838306427,
                        0.6535597443580627,
                        356.5677795410156,
                        0.8072136640548706,
                        -0.4502074420452118,
                        0.38173162937164307,
                        208.2643585205078
                    ],
                    "scale": [
                        1,
                        1,
                        1
                    ],
                    "rotation": 4.435749530792236,
                    "weight": [
                        1,
                        1,
                        1,
                        1
                    ],
                    "weightHard": true,
                    "weightScale": [
                        2,
                        2,
                        2
                    ],
                    "mirrored": false,
                    "twinId": 7,
                    "pathable": false,
                    "flooded": false,
                    "mergeable": false,
                    "no_features": false
                },
                {
                    "proj": "BP_Bend",
                    "spec": "/pa/terrain/ice/brushes/ice_cliff_02.json",
                    "height": 556.2772827148438,
                    "op": "BO_Add",
                    "position": [
                        399.70892333984375,
                        116.6421127319336,
                        368.879150390625
                    ],
                    "transform": [
                        -0.6811096668243408,
                        0.1406630277633667,
                        0.7185426354408264,
                        399.7089538574219,
                        0.01931745558977127,
                        -0.9775784611701965,
                        0.2096834033727646,
                        116.6421127319336,
                        0.7319265007972717,
                        0.1566978096961975,
                        0.6631209850311279,
                        368.879150390625
                    ],
                    "scale": [
                        1,
                        1,
                        1
                    ],
                    "rotation": 3.2146201133728027,
                    "weight": [
                        1,
                        1,
                        1,
                        1
                    ],
                    "weightHard": false,
                    "weightScale": [
                        4,
                        4,
                        4
                    ],
                    "mirrored": false,
                    "twinId": 8,
                    "pathable": false,
                    "flooded": false,
                    "mergeable": false,
                    "no_features": false
                },
                {
                    "proj": "BP_Bend",
                    "spec": "/pa/terrain/ice/brushes/ice_cliff_04.json",
                    "height": 553.2676391601562,
                    "op": "BO_Add",
                    "position": [
                        500.73809814453125,
                        37.027061462402344,
                        232.36940002441406
                    ],
                    "transform": [
                        -0.029922600835561752,
                        0.42423921823501587,
                        0.905055582523346,
                        500.73797607421875,
                        -0.9750736355781555,
                        -0.21154798567295074,
                        0.06692429631948471,
                        37.02704620361328,
                        0.21985459327697754,
                        -0.8804932832717896,
                        0.4199945330619812,
                        232.369384765625
                    ],
                    "scale": [
                        1,
                        1,
                        1
                    ],
                    "rotation": 4.541508197784424,
                    "weight": [
                        1,
                        1,
                        1,
                        1
                    ],
                    "weightHard": false,
                    "weightScale": [
                        6,
                        6,
                        6
                    ],
                    "mirrored": false,
                    "twinId": 9,
                    "pathable": false,
                    "flooded": false,
                    "mergeable": false,
                    "no_features": false
                },
                {
                    "proj": "BP_Bend",
                    "spec": "/pa/terrain/ice/brushes/ice_cliff_01.json",
                    "height": 542.9417724609375,
                    "op": "BO_Add",
                    "position": [
                        526.583740234375,
                        -89.07340240478516,
                        97.7817153930664
                    ],
                    "transform": [
                        0.22013333439826965,
                        -0.10435830056667328,
                        0.9698715209960938,
                        526.583740234375,
                        0.9068487882614136,
                        0.3882145881652832,
                        -0.16405701637268066,
                        -89.07341003417969,
                        -0.3593975901603699,
                        0.915641188621521,
                        0.18009614944458008,
                        97.78172302246094
                    ],
                    "scale": [
                        1,
                        1,
                        1
                    ],
                    "rotation": 1.0291969776153564,
                    "weight": [
                        1,
                        1,
                        1,
                        1
                    ],
                    "weightHard": false,
                    "weightScale": [
                        4,
                        4,
                        4
                    ],
                    "mirrored": false,
                    "twinId": 10,
                    "pathable": false,
                    "flooded": false,
                    "mergeable": false,
                    "no_features": false
                },
                {
                    "proj": "BP_Bend",
                    "spec": "/pa/terrain/ice/brushes/ice_cliff_03.json",
                    "height": 552.3374633789062,
                    "op": "BO_Add",
                    "position": [
                        -232.44200134277344,
                        500.89453125,
                        12.329792976379395
                    ],
                    "transform": [
                        0.41020140051841736,
                        -0.8090946078300476,
                        -0.4208333194255829,
                        -232.44200134277344,
                        0.2121887505054474,
                        -0.3641084134578705,
                        0.906863272190094,
                        500.8945617675781,
                        -0.886967122554779,
                        -0.46129268407821655,
                        0.022323012351989746,
                        12.329835891723633
                    ],
                    "scale": [
                        1,
                        1,
                        1
                    ],
                    "rotation": 1.525694489479065,
                    "weight": [
                        1,
                        1,
                        1,
                        1
                    ],
                    "weightHard": false,
                    "weightScale": [
                        5,
                        5,
                        5
                    ],
                    "mirrored": false,
                    "twinId": 0,
                    "pathable": false,
                    "flooded": false,
                    "mergeable": false,
                    "no_features": false
                },
                {
                    "proj": "BP_Bend",
                    "spec": "/pa/terrain/ice/brushes/ice_cliff_04.json",
                    "height": 551.47509765625,
                    "op": "BO_Add",
                    "position": [
                        292.05694580078125,
                        196.9107208251953,
                        424.327392578125
                    ],
                    "transform": [
                        -0.7527405023574829,
                        -0.39104196429252625,
                        0.5295922756195068,
                        292.05694580078125,
                        0.615990161895752,
                        -0.7021843791007996,
                        0.35706186294555664,
                        196.9107208251953,
                        0.23224526643753052,
                        0.5949985980987549,
                        0.7694406509399414,
                        424.3273620605469
                    ],
                    "scale": [
                        1,
                        1,
                        1
                    ],
                    "rotation": 2.536151885986328,
                    "weight": [
                        1,
                        1,
                        1,
                        1
                    ],
                    "weightHard": false,
                    "weightScale": [
                        6,
                        6,
                        6
                    ],
                    "mirrored": false,
                    "twinId": 11,
                    "pathable": false,
                    "flooded": false,
                    "mergeable": false,
                    "no_features": false
                },
                {
                    "proj": "BP_Bend",
                    "spec": "/pa/terrain/ice/brushes/ice_cliff_01.json",
                    "height": 544.0972290039062,
                    "op": "BO_Add",
                    "position": [
                        -125.93338012695312,
                        -525.505859375,
                        63.45200729370117
                    ],
                    "transform": [
                        0.9713696241378784,
                        0.053574398159980774,
                        -0.2314537763595581,
                        -125.93335723876953,
                        -0.23603758215904236,
                        0.10703808069229126,
                        -0.9658306241035461,
                        -525.5057373046875,
                        -0.026969417929649353,
                        0.9928103089332581,
                        0.11661911010742188,
                        63.45213317871094
                    ],
                    "scale": [
                        1,
                        1,
                        1
                    ],
                    "rotation": 6.020820617675781,
                    "weight": [
                        1,
                        1,
                        1,
                        1
                    ],
                    "weightHard": false,
                    "weightScale": [
                        4,
                        4,
                        4
                    ],
                    "mirrored": false,
                    "twinId": 13,
                    "pathable": false,
                    "flooded": false,
                    "mergeable": false,
                    "no_features": false
                },
                {
                    "proj": "BP_Bend",
                    "spec": "/pa/terrain/ice/brushes/ice_cliff_01.json",
                    "height": 554.92822265625,
                    "op": "BO_Add",
                    "position": [
                        384.1643981933594,
                        113.05203247070312,
                        384.1643981933594
                    ],
                    "transform": [
                        -0.7201231718063354,
                        0.04662827029824257,
                        0.6922776103019714,
                        384.1644287109375,
                        0.13304172456264496,
                        -0.9699466824531555,
                        0.20372368395328522,
                        113.05203247070312,
                        0.6809717416763306,
                        0.23880797624588013,
                        0.6922775506973267,
                        384.1643981933594
                    ],
                    "scale": [
                        1,
                        1,
                        1
                    ],
                    "rotation": 3.0905070304870605,
                    "weight": [
                        1,
                        1,
                        1,
                        1
                    ],
                    "weightHard": false,
                    "weightScale": [
                        4,
                        4,
                        4
                    ],
                    "mirrored": false,
                    "twinId": 16,
                    "pathable": false,
                    "flooded": false,
                    "mergeable": false,
                    "no_features": false
                },
                {
                    "proj": "BP_Bend",
                    "spec": "/pa/terrain/ice/brushes/ice_cliff_04.json",
                    "height": 554.92822265625,
                    "op": "BO_Add",
                    "position": [
                        384.1643981933594,
                        113.05203247070312,
                        384.1643981933594
                    ],
                    "transform": [
                        -0.20360392332077026,
                        -0.6923128366470337,
                        0.6922776699066162,
                        384.1644287109375,
                        0.9754891991615295,
                        -0.08317059278488159,
                        0.2037236988544464,
                        113.05203247070312,
                        -0.0834633857011795,
                        0.7167883515357971,
                        0.6922776103019714,
                        384.1643981933594
                    ],
                    "scale": [
                        1,
                        1,
                        1
                    ],
                    "rotation": 1.7410787343978882,
                    "weight": [
                        1,
                        1,
                        1,
                        1
                    ],
                    "weightHard": false,
                    "weightScale": [
                        6,
                        6,
                        6
                    ],
                    "mirrored": false,
                    "twinId": 17,
                    "pathable": false,
                    "flooded": false,
                    "mergeable": false,
                    "no_features": false
                },
                {
                    "proj": "BP_Bend",
                    "spec": "/pa/terrain/ice/brushes/ice_cliff_04.json",
                    "height": 544.085205078125,
                    "op": "BO_Add",
                    "position": [
                        -97.9876480102539,
                        -527.6926879882812,
                        89.260986328125
                    ],
                    "transform": [
                        -0.5484315156936646,
                        -0.8165709972381592,
                        -0.18009616434574127,
                        -97.98765563964844,
                        0.23746076226234436,
                        0.054421648383140564,
                        -0.9698715209960938,
                        -527.6927490234375,
                        0.8017700910568237,
                        -0.5746738910675049,
                        0.16405701637268066,
                        89.26099395751953
                    ],
                    "scale": [
                        1,
                        1,
                        1
                    ],
                    "rotation": 2.009080410003662,
                    "weight": [
                        1,
                        1,
                        1,
                        1
                    ],
                    "weightHard": false,
                    "weightScale": [
                        6,
                        6,
                        6
                    ],
                    "mirrored": false,
                    "twinId": 19,
                    "pathable": false,
                    "flooded": false,
                    "mergeable": false,
                    "no_features": false
                },
                {
                    "proj": "BP_Bend",
                    "spec": "/pa/terrain/ice/brushes/ice_cliff_04.json",
                    "height": 548.091552734375,
                    "op": "BO_Add",
                    "position": [
                        214.63050842285156,
                        66.12810516357422,
                        499.9652099609375
                    ],
                    "transform": [
                        0.4589068293571472,
                        -0.79753178358078,
                        0.3915960490703583,
                        214.6304931640625,
                        0.8336607217788696,
                        0.5389368534088135,
                        0.12065154314041138,
                        66.12808990478516,
                        -0.30726897716522217,
                        0.27109044790267944,
                        0.9121928215026855,
                        499.9651794433594
                    ],
                    "scale": [
                        1,
                        1,
                        1
                    ],
                    "rotation": 1.0217989683151245,
                    "weight": [
                        1,
                        1,
                        1,
                        1
                    ],
                    "weightHard": false,
                    "weightScale": [
                        6,
                        6,
                        6
                    ],
                    "mirrored": false,
                    "twinId": 20,
                    "pathable": false,
                    "flooded": false,
                    "mergeable": false,
                    "no_features": false
                },
                {
                    "proj": "BP_Bend",
                    "spec": "/pa/terrain/ice/brushes/ice_cliff_02.json",
                    "height": 550.4932861328125,
                    "op": "BO_Add",
                    "position": [
                        -534.0203247070312,
                        38.57496643066406,
                        127.97379302978516
                    ],
                    "transform": [
                        -0.2427980750799179,
                        0.0014720968902111053,
                        -0.9700757265090942,
                        -534.0202026367188,
                        -0.2857661545276642,
                        -0.9557340145111084,
                        0.0700734332203865,
                        38.574954986572266,
                        -0.9270311594009399,
                        0.2942284941673279,
                        0.2324710488319397,
                        127.9737548828125
                    ],
                    "scale": [
                        1,
                        1,
                        1
                    ],
                    "rotation": 3.376814603805542,
                    "weight": [
                        1,
                        1,
                        1,
                        1
                    ],
                    "weightHard": false,
                    "weightScale": [
                        4,
                        4,
                        4
                    ],
                    "mirrored": false,
                    "twinId": 21,
                    "pathable": false,
                    "flooded": false,
                    "mergeable": false,
                    "no_features": false
                },
                {
                    "proj": "BP_Bend",
                    "spec": "/pa/terrain/ice/brushes/ice_cliff_02.json",
                    "height": 544.325439453125,
                    "op": "BO_Add",
                    "position": [
                        357.7149658203125,
                        387.61163330078125,
                        134.48915100097656
                    ],
                    "transform": [
                        -0.7168962955474854,
                        -0.23277834057807922,
                        0.6571711301803589,
                        357.7149963378906,
                        0.6917456388473511,
                        -0.12003359198570251,
                        0.7120953798294067,
                        387.6116638183594,
                        -0.08687779307365417,
                        0.9650938510894775,
                        0.24707500636577606,
                        134.4892120361328
                    ],
                    "scale": [
                        1,
                        1,
                        1
                    ],
                    "rotation": 2.306507110595703,
                    "weight": [
                        1,
                        1,
                        1,
                        1
                    ],
                    "weightHard": false,
                    "weightScale": [
                        4,
                        4,
                        4
                    ],
                    "mirrored": false,
                    "twinId": 22,
                    "pathable": false,
                    "flooded": false,
                    "mergeable": false,
                    "no_features": false
                },
                {
                    "proj": "BP_Bend",
                    "spec": "/pa/terrain/ice/brushes/ice_cliff_04.json",
                    "height": 541.2252197265625,
                    "op": "BO_Add",
                    "position": [
                        261.1732177734375,
                        335.19647216796875,
                        335.19647216796875
                    ],
                    "transform": [
                        0.6445992588996887,
                        0.5929827094078064,
                        0.48255911469459534,
                        261.17315673828125,
                        -0.7298544645309448,
                        0.2893858850002289,
                        0.6193288564682007,
                        335.1964111328125,
                        0.22760546207427979,
                        -0.751416802406311,
                        0.6193289756774902,
                        335.19647216796875
                    ],
                    "scale": [
                        1,
                        1,
                        1
                    ],
                    "rotation": 5.32716178894043,
                    "weight": [
                        1,
                        1,
                        1,
                        1
                    ],
                    "weightHard": false,
                    "weightScale": [
                        6,
                        6,
                        6
                    ],
                    "mirrored": false,
                    "twinId": 23,
                    "pathable": false,
                    "flooded": false,
                    "mergeable": false,
                    "no_features": false
                },
                {
                    "proj": "BP_Bend",
                    "spec": "/pa/terrain/ice/brushes/ice_cliff_02.json",
                    "height": 548.8955688476562,
                    "op": "BO_Add",
                    "position": [
                        325.04144287109375,
                        299.9708557128906,
                        325.04144287109375
                    ],
                    "transform": [
                        0.80573970079422,
                        -0.010681092739105225,
                        0.5921735167503357,
                        325.0414123535156,
                        -0.39183467626571655,
                        0.7401382327079773,
                        0.5464988946914673,
                        299.9708251953125,
                        -0.4441274106502533,
                        -0.6723699569702148,
                        0.5921734571456909,
                        325.0413818359375
                    ],
                    "scale": [
                        1,
                        1,
                        1
                    ],
                    "rotation": 6.041445732116699,
                    "weight": [
                        1,
                        1,
                        1,
                        1
                    ],
                    "weightHard": false,
                    "weightScale": [
                        4,
                        4,
                        4
                    ],
