{
    "name": "Road to nowhere 4P System V2",
    "description": "4 players FFA or 2vs2 map.",
    "creator": "GreatBalancer",
    "version": "1.0",
    "planets": [
        {
            "name": "Only time",
            "mass": 10000,
            "position_x": 20500,
            "position_y": -700,
            "velocity_x": 5.328096866607666,
            "velocity_y": 156.03732299804688,
            "required_thrust_to_move": 0,
            "starting_planet": true,
            "respawn": false,
            "start_destroyed": false,
            "min_spawn_delay": 0,
            "max_spawn_delay": 0,
            "planet": {
                "seed": 605939584,
                "radius": 630,
                "heightRange": 35,
                "waterHeight": 48,
                "waterDepth": 100,
                "temperature": 59.999996185302734,
                "metalDensity": 0,
                "metalClusters": 104,
                "metalSpotLimit": -1,
                "biomeScale": 50,
                "biome": "earth",
                "symmetryType": "terrain and CSG",
                "symmetricalMetal": true,
                "symmetricalStarts": false,
                "numArmies": 2,
                "landingZonesPerArmy": 0,
                "landingZoneSize": 0,
                "heightAdjustments": []
            },
            "planetCSG": [
                {
                    "proj": "BP_Bend",
                    "spec": "/pa/terrain/lava/brushes/lava_metal_t2_medium_4_ramp.json",
                    "height": 628.0667724609375,
                    "op": "BO_Add",
                    "position": [
                        403.716796875,
                        -238.52154541015625,
                        -417.83740234375
                    ],
                    "transform": [
                        -0.6507456302642822,
                        0.5591366291046143,
                        0.7199278473854065,
                        403.7167663574219,
                        0.36318573355674744,
                        0.9703497886657715,
                        -0.42534342408180237,
                        -238.5215301513672,
                        -0.8360776901245117,
                        -0.013681173324584961,
                        -0.745108425617218,
                        -417.83740234375
                    ],
                    "scale": [
                        1.119999885559082,
                        1.119999885559082,
                        1.119999885559082
                    ],
                    "rotation": -0.5499997735023499,
                    "weight": [
                        0,
                        0,
                        0,
                        0
                    ],
                    "weightHard": false,
                    "weightScale": [
                        1,
                        1,
                        1
                    ],
                    "mirrored": false,
                    "twinId": 0,
                    "pathable": true,
                    "flooded": false,
                    "mergeable": false,
                    "no_features": true
                },
                {
                    "proj": "BP_Bend",
                    "spec": "/pa/terrain/lava/brushes/lava_metal_t2_medium_4_ramp.json",
                    "height": 628.0667724609375,
                    "op": "BO_Add",
                    "position": [
                        403.716796875,
                        -238.52154541015625,
                        -417.83740234375
                    ],
                    "transform": [
                        -0.6507456302642822,
                        0.5591366291046143,
                        0.7199278473854065,
                        403.7167663574219,
                        0.36318573355674744,
                        0.9703497886657715,
                        -0.42534342408180237,
                        -238.52154541015625,
                        0.8360776901245117,
                        0.013681173324584961,
                        0.745108425617218,
                        417.83740234375
                    ],
                    "scale": [
                        1.119999885559082,
                        1.119999885559082,
                        1.119999885559082
                    ],
                    "rotation": -0.5499997735023499,
                    "weight": [
                        0,
                        0,
                        0,
                        0
                    ],
                    "weightHard": false,
                    "weightScale": [
                        1,
                        1,
                        1
                    ],
                    "mirrored": true,
                    "twinId": 0,
                    "pathable": true,
                    "flooded": false,
                    "mergeable": false,
                    "no_features": true
                },
                {
                    "proj": "BP_Bend",
                    "spec": "/pa/terrain/lava/brushes/lava_metal_t2_medium_wide_ramp.json",
                    "height": 628.21435546875,
                    "op": "BO_Add",
                    "position": [
                        338.413818359375,
                        81.102294921875,
                        -523.0217895507812
                    ],
                    "transform": [
                        -0.8439550995826721,
                        -0.5718166828155518,
                        0.6518166065216064,
                        338.41375732421875,
                        -0.5880082249641418,
                        1.0459177494049072,
                        0.15621060132980347,
                        81.10227966308594,
                        -0.6372483968734741,
                        -0.2078007310628891,
                        -1.007388949394226,
                        -523.0217895507812
                    ],
                    "scale": [
                        1.2099997997283936,
                        1.2099997997283936,
                        1.2099997997283936
                    ],
                    "rotation": -0.07999999076128006,
                    "weight": [
                        0,
                        0,
                        0,
                        0
                    ],
                    "weightHard": false,
                    "weightScale": [
                        1,
                        1,
                        1
                    ],
                    "mirrored": false,
                    "twinId": 0,
                    "pathable": true,
                    "flooded": false,
                    "mergeable": false,
                    "no_features": true
                },
                {
                    "proj": "BP_Bend",
                    "spec": "/pa/terrain/lava/brushes/lava_metal_t2_medium_wide_ramp.json",
                    "height": 628.21435546875,
                    "op": "BO_Add",
                    "position": [
                        338.413818359375,
                        81.102294921875,
                        -523.0217895507812
                    ],
                    "transform": [
                        -0.8439550995826721,
                        -0.5718166828155518,
                        0.6518166065216064,
                        338.4137878417969,
                        -0.5880082249641418,
                        1.0459177494049072,
                        0.15621060132980347,
                        81.10227966308594,
                        0.6372483968734741,
                        0.2078007310628891,
                        1.007388949394226,
                        523.0217895507812
                    ],
                    "scale": [
                        1.2099997997283936,
                        1.2099997997283936,
                        1.2099997997283936
                    ],
                    "rotation": -0.07999999076128006,
                    "weight": [
                        0,
                        0,
                        0,
                        0
                    ],
                    "weightHard": false,
                    "weightScale": [
                        1,
                        1,
                        1
                    ],
                    "mirrored": true,
                    "twinId": 0,
                    "pathable": true,
                    "flooded": false,
                    "mergeable": false,
                    "no_features": true
                },
                {
                    "proj": "BP_Bend",
                    "spec": "/pa/terrain/lava/brushes/lava_metal_t2_medium_wide_ramp.json",
                    "height": 628.1834716796875,
                    "op": "BO_Add",
                    "position": [
                        89.60971069335938,
                        -356.53607177734375,
                        -509.378662109375
                    ],
                    "transform": [
                        -0.007765829563140869,
                        1.1976003646850586,
                        0.17260512709617615,
                        89.60967254638672,
                        0.9906342625617981,
                        0.10540303587913513,
                        -0.6867554187774658,
                        -356.53594970703125,
                        -0.6947535872459412,
                        0.1369052678346634,
                        -0.9811592102050781,
                        -509.37860107421875
                    ],
                    "scale": [
                        1.2099997997283936,
                        1.2099997997283936,
                        1.2099997997283936
                    ],
                    "rotation": -1.1299992799758911,
                    "weight": [
                        0,
                        0,
                        0,
                        0
                    ],
                    "weightHard": false,
                    "weightScale": [
                        1,
                        1,
                        1
                    ],
                    "mirrored": false,
                    "twinId": 0,
                    "pathable": true,
                    "flooded": false,
                    "mergeable": false,
                    "no_features": true
                },
                {
                    "proj": "BP_Bend",
                    "spec": "/pa/terrain/lava/brushes/lava_metal_t2_medium_wide_ramp.json",
                    "height": 628.1834716796875,
                    "op": "BO_Add",
                    "position": [
                        89.60971069335938,
                        -356.53607177734375,
                        -509.378662109375
                    ],
                    "transform": [
                        -0.007765829563140869,
                        1.1976003646850586,
                        0.17260512709617615,
                        89.60966491699219,
                        0.9906342625617981,
                        0.10540303587913513,
                        -0.6867554187774658,
                        -356.53594970703125,
                        0.6947535872459412,
                        -0.1369052678346634,
                        0.9811592102050781,
                        509.3785705566406
                    ],
                    "scale": [
                        1.2099997997283936,
                        1.2099997997283936,
                        1.2099997997283936
                    ],
                    "rotation": -1.1299992799758911,
                    "weight": [
                        0,
                        0,
                        0,
                        0
                    ],
                    "weightHard": false,
                    "weightScale": [
                        1,
                        1,
                        1
                    ],
                    "mirrored": true,
                    "twinId": 0,
                    "pathable": true,
                    "flooded": false,
                    "mergeable": false,
                    "no_features": true
                },
                {
                    "proj": "BP_Bend",
                    "spec": "/pa/terrain/lava/brushes/lava_volcano_06.json",
                    "height": 628.0389404296875,
                    "op": "BO_Add",
                    "position": [
                        -185.63006591796875,
                        -505.382080078125,
                        323.36260986328125
                    ],
                    "transform": [
                        0.9423304796218872,
                        -0.15700654685497284,
                        -0.295570969581604,
                        -185.6300811767578,
                        -0.15700654685497284,
                        0.572546124458313,
                        -0.804698646068573,
                        -505.382080078125,
                        0.295570969581604,
                        0.804698646068573,
                        0.5148766040802002,
                        323.362548828125
                    ],
                    "scale": [
                        1,
                        1,
                        1
                    ],
                    "rotation": 0,
                    "weight": [
                        0,
                        0,
                        0,
                        0
                    ],
                    "weightHard": false,
                    "weightScale": [
                        1,
                        1,
                        1
                    ],
                    "mirrored": false,
                    "twinId": 0,
                    "pathable": false,
                    "flooded": false,
                    "mergeable": false,
                    "no_features": false
                },
                {
                    "proj": "BP_Bend",
                    "spec": "/pa/terrain/lava/brushes/lava_volcano_06.json",
                    "height": 628.0389404296875,
                    "op": "BO_Add",
                    "position": [
                        -185.63006591796875,
                        -505.382080078125,
                        323.36260986328125
                    ],
                    "transform": [
                        0.9423304796218872,
                        -0.15700654685497284,
                        -0.295570969581604,
                        -185.6300811767578,
                        -0.15700654685497284,
                        0.572546124458313,
                        -0.804698646068573,
                        -505.382080078125,
                        -0.295570969581604,
                        -0.804698646068573,
                        -0.5148766040802002,
                        -323.362548828125
                    ],
                    "scale": [
                        1,
                        1,
                        1
                    ],
                    "rotation": 0,
                    "weight": [
                        0,
                        0,
                        0,
                        0
                    ],
                    "weightHard": false,
                    "weightScale": [
                        1,
                        1,
                        1
                    ],
                    "mirrored": true,
                    "twinId": 0,
                    "pathable": false,
                    "flooded": false,
                    "mergeable": false,
                    "no_features": false
                },
                {
                    "proj": "BP_Bend",
                    "spec": "/pa/terrain/lava/brushes/lava_volcano_06.json",
                    "height": 628.0786743164062,
                    "op": "BO_Add",
                    "position": [
                        -194.54693603515625,
                        -554.4835205078125,
                        221.7709197998047
                    ],
                    "transform": [
                        0.9290924072265625,
                        -0.202095627784729,
                        -0.3097493052482605,
                        -194.54693603515625,
                        -0.202095627784729,
                        0.4240017533302307,
                        -0.8828248977661133,
                        -554.4835205078125,
                        0.3097493052482605,
                        0.8828248977661133,
                        0.3530941605567932,
                        221.7709197998047
                    ],
                    "scale": [
                        1,
                        1,
                        1
                    ],
                    "rotation": 0,
                    "weight": [
                        0,
                        0,
                        0,
                        0
                    ],
                    "weightHard": false,
                    "weightScale": [
                        1,
                        1,
                        1
                    ],
                    "mirrored": false,
                    "twinId": 0,
                    "pathable": false,
                    "flooded": false,
                    "mergeable": false,
                    "no_features": false
                },
                {
                    "proj": "BP_Bend",
                    "spec": "/pa/terrain/lava/brushes/lava_volcano_06.json",
                    "height": 628.0786743164062,
                    "op": "BO_Add",
                    "position": [
                        -194.54693603515625,
                        -554.4835205078125,
                        221.7709197998047
                    ],
                    "transform": [
                        0.9290924072265625,
                        -0.202095627784729,
                        -0.3097493052482605,
                        -194.54693603515625,
                        -0.202095627784729,
                        0.4240017533302307,
                        -0.8828248977661133,
                        -554.4835205078125,
                        -0.3097493052482605,
                        -0.8828248977661133,
                        -0.3530941605567932,
                        -221.7709197998047
                    ],
                    "scale": [
                        1,
                        1,
                        1
                    ],
                    "rotation": 0,
                    "weight": [
                        0,
                        0,
                        0,
                        0
                    ],
                    "weightHard": false,
                    "weightScale": [
                        1,
                        1,
                        1
                    ],
                    "mirrored": true,
                    "twinId": 0,
                    "pathable": false,
                    "flooded": false,
                    "mergeable": false,
                    "no_features": false
                },
                {
                    "proj": "BP_Bend",
                    "spec": "/pa/terrain/lava/brushes/lava_volcano_06.json",
                    "height": 628.0771484375,
                    "op": "BO_Add",
                    "position": [
                        -194.38912963867188,
                        -586.3714599609375,
                        113.4119873046875
                    ],
                    "transform": [
                        0.9188616275787354,
                        -0.24475246667861938,
                        -0.3094988167285919,
                        -194.38912963867188,
                        -0.24475246667861938,
                        0.26170843839645386,
                        -0.9335978627204895,
                        -586.3714599609375,
                        0.3094988167285919,
                        0.9335978627204895,
                        0.1805700659751892,
                        113.41193389892578
                    ],
                    "scale": [
                        1,
                        1,
                        1
                    ],
                    "rotation": 0,
                    "weight": [
                        0,
                        0,
                        0,
                        0
                    ],
                    "weightHard": false,
                    "weightScale": [
                        1,
                        1,
                        1
                    ],
                    "mirrored": false,
                    "twinId": 0,
                    "pathable": false,
                    "flooded": false,
                    "mergeable": false,
                    "no_features": false
                },
                {
                    "proj": "BP_Bend",
                    "spec": "/pa/terrain/lava/brushes/lava_volcano_06.json",
                    "height": 628.0771484375,
                    "op": "BO_Add",
                    "position": [
                        -194.38912963867188,
                        -586.3714599609375,
                        113.4119873046875
                    ],
                    "transform": [
                        0.9188616275787354,
                        -0.24475246667861938,
                        -0.3094988167285919,
                        -194.38912963867188,
                        -0.24475246667861938,
                        0.26170843839645386,
                        -0.9335978627204895,
                        -586.3714599609375,
                        -0.3094988167285919,
                        -0.9335978627204895,
                        -0.1805700659751892,
                        -113.41193389892578
                    ],
                    "scale": [
                        1,
                        1,
                        1
                    ],
                    "rotation": 0,
                    "weight": [
                        0,
                        0,
                        0,
                        0
                    ],
                    "weightHard": false,
                    "weightScale": [
                        1,
                        1,
                        1
                    ],
                    "mirrored": true,
                    "twinId": 0,
                    "pathable": false,
                    "flooded": false,
                    "mergeable": false,
                    "no_features": false
                },
                {
                    "proj": "BP_Bend",
                    "spec": "/pa/terrain/lava/brushes/lava_volcano_06.json",
                    "height": 628.0170288085938,
                    "op": "BO_Add",
                    "position": [
                        -186.23648071289062,
                        -598.29541015625,
                        -41.9993896484375
                    ],
                    "transform": [
                        0.9057573676109314,
                        -0.30275988578796387,
                        -0.2965468764305115,
                        -186.23648071289062,
                        -0.30275988578796387,
                        0.027366459369659424,
                        -0.9526738524436951,
                        -598.29541015625,
                        0.2965468764305115,
                        0.9526738524436951,
                        -0.06687617301940918,
                        -41.99937438964844
                    ],
                    "scale": [
                        1,
                        1,
                        1
                    ],
                    "rotation": 0,
                    "weight": [
                        0,
                        0,
                        0,
                        0
                    ],
                    "weightHard": false,
                    "weightScale": [
                        1,
                        1,
                        1
                    ],
                    "mirrored": false,
                    "twinId": 0,
                    "pathable": false,
                    "flooded": false,
                    "mergeable": false,
                    "no_features": false
                },
                {
                    "proj": "BP_Bend",
                    "spec": "/pa/terrain/lava/brushes/lava_volcano_06.json",
                    "height": 628.0170288085938,
                    "op": "BO_Add",
                    "position": [
                        -186.23648071289062,
                        -598.29541015625,
                        -41.9993896484375
                    ],
                    "transform": [
                        0.9057573676109314,
                        -0.30275988578796387,
                        -0.2965468764305115,
                        -186.23648071289062,
                        -0.30275988578796387,
                        0.027366459369659424,
                        -0.9526738524436951,
                        -598.29541015625,
                        -0.2965468764305115,
                        -0.9526738524436951,
                        0.06687617301940918,
                        41.99937438964844
                    ],
                    "scale": [
                        1,
                        1,
                        1
                    ],
                    "rotation": 0,
                    "weight": [
                        0,
                        0,
                        0,
                        0
                    ],
                    "weightHard": false,
                    "weightScale": [
                        1,
                        1,
                        1
                    ],
                    "mirrored": true,
                    "twinId": 0,
                    "pathable": false,
                    "flooded": false,
                    "mergeable": false,
                    "no_features": false
                },
                {
                    "proj": "BP_Bend",
                    "spec": "/pa/terrain/lava/brushes/lava_volcano_06.json",
                    "height": 628.138427734375,
                    "op": "BO_Add",
                    "position": [
                        316.930419921875,
                        392.737548828125,
                        373.9922790527344
                    ],
                    "transform": [
                        0.8404311537742615,
                        -0.19773641228675842,
                        0.5045551061630249,
                        316.9304504394531,
                        -0.19773641228675842,
                        0.754966676235199,
                        0.6252405047416687,
                        392.7375793457031,
                        -0.5045551061630249,
                        -0.6252405047416687,
                        0.5953978300094604,
                        373.99224853515625
                    ],
                    "scale": [
                        1,
                        1,
                        1
                    ],
                    "rotation": 0,
                    "weight": [
                        0,
                        0,
                        0,
                        0
                    ],
                    "weightHard": false,
                    "weightScale": [
                        1,
                        1,
                        1
                    ],
                    "mirrored": false,
                    "twinId": 0,
                    "pathable": false,
                    "flooded": false,
                    "mergeable": false,
                    "no_features": false
                },
                {
                    "proj": "BP_Bend",
                    "spec": "/pa/terrain/lava/brushes/lava_volcano_06.json",
                    "height": 628.138427734375,
                    "op": "BO_Add",
                    "position": [
                        316.930419921875,
                        392.737548828125,
                        373.9922790527344
                    ],
                    "transform": [
                        0.8404311537742615,
                        -0.19773641228675842,
                        0.5045551061630249,
                        316.9304504394531,
                        -0.19773641228675842,
                        0.754966676235199,
                        0.6252405047416687,
                        392.7375793457031,
                        0.5045551061630249,
                        0.6252405047416687,
                        -0.5953978300094604,
                        -373.99224853515625
                    ],
                    "scale": [
                        1,
                        1,
                        1
                    ],
                    "rotation": 0,
                    "weight": [
                        0,
                        0,
                        0,
                        0
                    ],
                    "weightHard": false,
                    "weightScale": [
                        1,
                        1,
                        1
                    ],
                    "mirrored": true,
                    "twinId": 0,
                    "pathable": false,
                    "flooded": false,
                    "mergeable": false,
                    "no_features": false
                },
                {
                    "proj": "BP_Bend",
                    "spec": "/pa/terrain/lava/brushes/lava_volcano_06.json",
                    "height": 628.1060180664062,
                    "op": "BO_Add",
                    "position": [
                        379.9617919921875,
                        427.2589111328125,
                        259.9924011230469
                    ],
                    "transform": [
                        0.7910938858985901,
                        -0.09070312976837158,
                        0.6049325466156006,
                        379.9617614746094,
                        -0.4541972875595093,
                        0.5753145813941956,
                        0.6802337169647217,
                        427.2588806152344,
                        -0.4097258448600769,
                        -0.81288743019104,
                        0.4139307737350464,
                        259.9924011230469
                    ],
                    "scale": [
                        1,
                        1,
                        1
                    ],
                    "rotation": -0.2600000202655792,
                    "weight": [
                        0,
                        0,
                        0,
                        0
                    ],
                    "weightHard": false,
                    "weightScale": [
                        1,
                        1,
                        1
                    ],
                    "mirrored": false,
                    "twinId": 0,
                    "pathable": false,
                    "flooded": false,
                    "mergeable": false,
                    "no_features": false
                },
                {
                    "proj": "BP_Bend",
                    "spec": "/pa/terrain/lava/brushes/lava_volcano_06.json",
                    "height": 628.1060180664062,
                    "op": "BO_Add",
                    "position": [
                        379.9617919921875,
                        427.2589111328125,
                        259.9924011230469
                    ],
                    "transform": [
                        0.7910938858985901,
                        -0.09070312976837158,
                        0.6049325466156006,
                        379.96173095703125,
                        -0.4541972875595093,
                        0.5753145813941956,
                        0.6802337169647217,
                        427.2588806152344,
                        0.4097258448600769,
                        0.81288743019104,
                        -0.4139307737350464,
                        -259.99237060546875
                    ],
                    "scale": [
                        1,
                        1,
                        1
                    ],
                    "rotation": -0.2600000202655792,
                    "weight": [
                        0,
                        0,
                        0,
                        0
                    ],
                    "weightHard": false,
                    "weightScale": [
                        1,
                        1,
                        1
                    ],
                    "mirrored": true,
                    "twinId": 0,
                    "pathable": false,
                    "flooded": false,
                    "mergeable": false,
                    "no_features": false
                },
                {
                    "proj": "BP_Bend",
                    "spec": "/pa/terrain/lava/brushes/lava_volcano_06.json",
                    "height": 628.146240234375,
                    "op": "BO_Add",
                    "position": [
                        432.17767333984375,
                        438.0889892578125,
                        125.96903991699219
                    ],
                    "transform": [
                        0.6057004928588867,
                        -0.39969271421432495,
                        0.6880208849906921,
                        432.177734375,
                        -0.39969271421432495,
                        0.5948402881622314,
                        0.6974316239356995,
                        438.08905029296875,
                        -0.6880208849906921,
                        -0.6974316239356995,
                        0.20054084062576294,
                        125.9689712524414
                    ],
                    "scale": [
                        1,
                        1,
                        1
                    ],
                    "rotation": 0,
                    "weight": [
                        0,
                        0,
                        0,
                        0
                    ],
                    "weightHard": false,
                    "weightScale": [
                        1,
                        1,
                        1
                    ],
                    "mirrored": false,
                    "twinId": 0,
                    "pathable": false,
                    "flooded": false,
                    "mergeable": false,
                    "no_features": false
                },
                {
                    "proj": "BP_Bend",
                    "spec": "/pa/terrain/lava/brushes/lava_volcano_06.json",
                    "height": 628.146240234375,
                    "op": "BO_Add",
                    "position": [
                        432.17767333984375,
                        438.0889892578125,
                        125.96903991699219
                    ],
                    "transform": [
                        0.6057004928588867,
                        -0.39969271421432495,
                        0.6880208849906921,
                        432.177734375,
                        -0.39969271421432495,
                        0.5948402881622314,
                        0.6974316239356995,
                        438.08905029296875,
                        0.6880208849906921,
                        0.6974316239356995,
                        -0.20054084062576294,
                        -125.9689712524414
                    ],
                    "scale": [
                        1,
                        1,
                        1
                    ],
                    "rotation": 0,
                    "weight": [
                        0,
                        0,
                        0,
                        0
                    ],
                    "weightHard": false,
                    "weightScale": [
                        1,
                        1,
                        1
                    ],
                    "mirrored": true,
                    "twinId": 0,
                    "pathable": false,
                    "flooded": false,
                    "mergeable": false,
                    "no_features": false
                },
                {
                    "proj": "BP_Bend",
                    "spec": "/pa/terrain/lava/brushes/lava_volcano_06.json",
                    "height": 628.0372924804688,
                    "op": "BO_Add",
                    "position": [
                        465.388427734375,
                        419.8544921875,
                        -39.580631256103516
                    ],
                    "transform": [
                        0.4139546751976013,
                        -0.5287062525749207,
                        0.7410202622413635,
                        465.38836669921875,
                        -0.5287062525749207,
                        0.5230227112770081,
                        0.6685183644294739,
                        419.8544616699219,
                        -0.7410202622413635,
                        -0.6685183644294739,
                        -0.06302261352539062,
                        -39.58055114746094
                    ],
                    "scale": [
                        1,
                        1,
                        1
                    ],
                    "rotation": 0,
                    "weight": [
                        0,
                        0,
                        0,
                        0
                    ],
                    "weightHard": false,
                    "weightScale": [
                        1,
                        1,
                        1
                    ],
                    "mirrored": false,
                    "twinId": 0,
                    "pathable": false,
                    "flooded": false,
                    "mergeable": false,
                    "no_features": false
                },
                {
                    "proj": "BP_Bend",
                    "spec": "/pa/terrain/lava/brushes/lava_volcano_06.json",
                    "height": 628.0372924804688,
                    "op": "BO_Add",
                    "position": [
                        465.388427734375,
                        419.8544921875,
                        -39.580631256103516
                    ],
                    "transform": [
                        0.4139546751976013,
                        -0.5287062525749207,
                        0.7410202622413635,
                        465.3883361816406,
                        -0.5287062525749207,
                        0.5230227112770081,
                        0.6685183644294739,
                        419.8544616699219,
                        0.7410202622413635,
                        0.6685183644294739,
                        0.06302261352539062,
                        39.58054733276367
                    ],
                    "scale": [
                        1,
                        1,
                        1
                    ],
                    "rotation": 0,
                    "weight": [
                        0,
                        0,
                        0,
