{
    "name": "Rongo 2 vs 2 System",
    "description": "2 vs 2 team game map.Landmass.",
    "creator": "GreatBalancer",
    "version": "1.0",
    "planets": [
        {
            "name": "Kaixo",
            "mass": 10000,
            "position_x": 29100,
            "position_y": 1000,
            "velocity_x": -4.500509262084961,
            "velocity_y": 130.96466064453125,
            "required_thrust_to_move": 0,
            "starting_planet": true,
            "respawn": false,
            "start_destroyed": false,
            "min_spawn_delay": 0,
            "max_spawn_delay": 0,
            "planet": {
                "seed": 572220928,
                "radius": 575,
                "heightRange": 0,
                "waterHeight": 31,
                "waterDepth": 0,
                "temperature": 100,
                "metalDensity": 0,
                "metalClusters": 126,
                "metalSpotLimit": -1,
                "biomeScale": 75.00000006869588,
                "biome": "alienred",
                "symmetryType": "terrain and CSG",
                "symmetricalMetal": true,
                "symmetricalStarts": false,
                "numArmies": 2,
                "landingZonesPerArmy": 0,
                "landingZoneSize": 0,
                "heightAdjustments": []
            },
            "planetCSG": [
                {
                    "spec": "/pa/terrain/jungle/brushes/jungle_t1_medium_2_ramp.json",
                    "proj": "BP_Bend",
                    "op": "BO_Add",
                    "position": [
                        0.4605712890625,
                        473.1993408203125,
                        323.96539306640625
                    ],
                    "height": 573.4730834960938,
                    "transform": [
                        0.8416722416877747,
                        -0.539988100528717,
                        0.0008031262550503016,
                        0.4605712890625,
                        0.3044915199279785,
                        0.47583410143852234,
                        0.8251465559005737,
                        473.1993408203125,
                        -0.44595152139663696,
                        -0.694258451461792,
                        0.5649181604385376,
                        323.9653625488281
                    ],
                    "scale": [
                        1,
                        1,
                        1
                    ],
                    "rotation": 0.5699997544288635,
                    "weight": [
                        0,
                        0,
                        0,
                        0
                    ],
                    "weightHard": false,
                    "weightScale": [
                        1,
                        1,
                        1
                    ],
                    "mirrored": false,
                    "twinId": 0,
                    "flooded": false,
                    "pathable": true,
                    "mergeable": false,
                    "no_features": false
                },
                {
                    "spec": "/pa/terrain/jungle/brushes/jungle_t1_medium_2_ramp.json",
                    "proj": "BP_Bend",
                    "op": "BO_Add",
                    "position": [
                        0.4605712890625,
                        473.1993408203125,
                        323.96539306640625
                    ],
                    "height": 573.4730834960938,
                    "transform": [
                        0.8416722416877747,
                        -0.539988100528717,
                        0.0008031262550503016,
                        0.4605712890625,
                        0.3044915199279785,
                        0.47583410143852234,
                        0.8251465559005737,
                        473.1993408203125,
                        0.44595152139663696,
                        0.694258451461792,
                        -0.5649181604385376,
                        -323.9653625488281
                    ],
                    "scale": [
                        1,
                        1,
                        1
                    ],
                    "rotation": 0.5699997544288635,
                    "weight": [
                        0,
                        0,
                        0,
                        0
                    ],
                    "weightHard": false,
                    "weightScale": [
                        1,
                        1,
                        1
                    ],
                    "mirrored": true,
                    "twinId": 0,
                    "flooded": false,
                    "pathable": true,
                    "mergeable": false,
                    "no_features": false
                },
                {
                    "spec": "/pa/terrain/jungle/brushes/jungle_t1_medium_2_ramp.json",
                    "proj": "BP_Bend",
                    "op": "BO_Add",
                    "position": [
                        277.55474853515625,
                        -372.3917236328125,
                        341.68804931640625
                    ],
                    "height": 576.5960083007812,
                    "transform": [
                        0.2044239640235901,
                        -0.8523472547531128,
                        0.48136773705482483,
                        277.5547180175781,
                        0.7401551604270935,
                        -0.18722830712795258,
                        -0.6458450555801392,
                        -372.3916931152344,
                        0.6406099200248718,
                        0.4883130192756653,
                        0.5925952792167664,
                        341.6880798339844
                    ],
                    "scale": [
                        1,
                        1,
                        1
                    ],
                    "rotation": 1.559998869895935,
                    "weight": [
                        0,
                        0,
                        0,
                        0
                    ],
                    "weightHard": false,
                    "weightScale": [
                        1,
                        1,
                        1
                    ],
                    "mirrored": false,
                    "twinId": 0,
                    "flooded": false,
                    "pathable": true,
                    "mergeable": false,
                    "no_features": false
                },
                {
                    "spec": "/pa/terrain/jungle/brushes/jungle_t1_medium_2_ramp.json",
                    "proj": "BP_Bend",
                    "op": "BO_Add",
                    "position": [
                        277.55474853515625,
                        -372.3917236328125,
                        341.68804931640625
                    ],
                    "height": 576.5960083007812,
                    "transform": [
                        0.2044239640235901,
                        -0.8523472547531128,
                        0.48136773705482483,
                        277.5547180175781,
                        0.7401551604270935,
                        -0.18722830712795258,
                        -0.6458450555801392,
                        -372.3917236328125,
                        -0.6406099200248718,
                        -0.4883130192756653,
                        -0.5925952792167664,
                        -341.6880798339844
                    ],
                    "scale": [
                        1,
                        1,
                        1
                    ],
                    "rotation": 1.559998869895935,
                    "weight": [
                        0,
                        0,
                        0,
                        0
                    ],
                    "weightHard": false,
                    "weightScale": [
                        1,
                        1,
                        1
                    ],
                    "mirrored": true,
                    "twinId": 0,
                    "flooded": false,
                    "pathable": true,
                    "mergeable": false,
                    "no_features": false
                },
                {
                    "spec": "/pa/terrain/jungle/brushes/jungle_volcano_06.json",
                    "proj": "BP_Bend",
                    "op": "BO_Add",
                    "position": [
                        -443.90716552734375,
                        -154.67584228515625,
                        332.55010986328125
                    ],
                    "height": 575.8192138671875,
                    "transform": [
                        0.5118040442466736,
                        -0.37914109230041504,
                        -0.7709141969680786,
                        -443.9071960449219,
                        0.27848291397094727,
                        0.9221124053001404,
                        -0.26861879229545593,
                        -154.6758575439453,
                        0.8127139806747437,
                        -0.07720622420310974,
                        0.5775251388549805,
                        332.5500793457031
                    ],
                    "scale": [
                        1,
                        1,
                        1
                    ],
                    "rotation": 0.42999985814094543,
                    "weight": [
                        0,
                        0,
                        0,
                        0
                    ],
                    "weightHard": false,
                    "weightScale": [
                        1,
                        1,
                        1
                    ],
                    "mirrored": false,
                    "twinId": 0,
                    "flooded": false,
                    "pathable": false,
                    "mergeable": false,
                    "no_features": false
                },
                {
                    "spec": "/pa/terrain/jungle/brushes/jungle_volcano_06.json",
                    "proj": "BP_Bend",
                    "op": "BO_Add",
                    "position": [
                        -443.90716552734375,
                        -154.67584228515625,
                        332.55010986328125
                    ],
                    "height": 575.8192138671875,
                    "transform": [
                        0.5118040442466736,
                        -0.37914109230041504,
                        -0.7709141969680786,
                        -443.9071960449219,
                        0.27848291397094727,
                        0.9221124053001404,
                        -0.26861879229545593,
                        -154.6758575439453,
                        -0.8127139806747437,
                        0.07720622420310974,
                        -0.5775251388549805,
                        -332.5500793457031
                    ],
                    "scale": [
                        1,
                        1,
                        1
                    ],
                    "rotation": 0.42999985814094543,
                    "weight": [
                        0,
                        0,
                        0,
                        0
                    ],
                    "weightHard": false,
                    "weightScale": [
                        1,
                        1,
                        1
                    ],
                    "mirrored": true,
                    "twinId": 0,
                    "flooded": false,
                    "pathable": false,
                    "mergeable": false,
                    "no_features": false
                },
                {
                    "spec": "/pa/terrain/jungle/brushes/jungle_t2_medium_long.json",
                    "proj": "BP_Bend",
                    "op": "BO_Add",
                    "position": [
                        -272.265625,
                        -78.15127563476562,
                        502.17236328125
                    ],
                    "height": 576.5529174804688,
                    "transform": [
                        0.8088327646255493,
                        -0.35041165351867676,
                        -0.47223007678985596,
                        -272.265625,
                        0.32616740465164185,
                        0.9355432987213135,
                        -0.1355491727590561,
                        -78.1512680053711,
                        0.48928970098495483,
                        -0.04438944160938263,
                        0.8709909319877625,
                        502.17236328125
                    ],
                    "scale": [
                        1,
                        1,
                        1
                    ],
                    "rotation": 0.3699999153614044,
                    "weight": [
                        0,
                        0,
                        0,
                        0
                    ],
                    "weightHard": false,
                    "weightScale": [
                        1,
                        1,
                        1
                    ],
                    "mirrored": false,
                    "twinId": 0,
                    "flooded": false,
                    "pathable": true,
                    "mergeable": false,
                    "no_features": false
                },
                {
                    "spec": "/pa/terrain/jungle/brushes/jungle_t2_medium_long.json",
                    "proj": "BP_Bend",
                    "op": "BO_Add",
                    "position": [
                        -272.265625,
                        -78.15127563476562,
                        502.17236328125
                    ],
                    "height": 576.5529174804688,
                    "transform": [
                        0.8088327646255493,
                        -0.35041165351867676,
                        -0.47223007678985596,
                        -272.265625,
                        0.32616740465164185,
                        0.9355432987213135,
                        -0.1355491727590561,
                        -78.1512680053711,
                        -0.48928970098495483,
                        0.04438944160938263,
                        -0.8709909319877625,
                        -502.17236328125
                    ],
                    "scale": [
                        1,
                        1,
                        1
                    ],
                    "rotation": 0.3699999153614044,
                    "weight": [
                        0,
                        0,
                        0,
                        0
                    ],
                    "weightHard": false,
                    "weightScale": [
                        1,
                        1,
                        1
                    ],
                    "mirrored": true,
                    "twinId": 0,
                    "flooded": false,
                    "pathable": true,
                    "mergeable": false,
                    "no_features": false
                },
                {
                    "spec": "/pa/terrain/jungle/brushes/jungle_t1_medium_4_ramp.json",
                    "proj": "BP_Bend",
                    "op": "BO_Add",
                    "position": [
                        262.590087890625,
                        88.53842163085938,
                        505.20147705078125
                    ],
                    "height": 576.2127685546875,
                    "transform": [
                        0.8682940602302551,
                        -0.19592662155628204,
                        0.45571720600128174,
                        262.590087890625,
                        0.14006930589675903,
                        0.978146493434906,
                        0.1536557674407959,
                        88.53841400146484,
                        -0.47586339712142944,
                        -0.0695863887667656,
                        0.8767620325088501,
                        505.20147705078125
                    ],
                    "scale": [
                        1,
                        1,
                        1
                    ],
                    "rotation": 0.18000000715255737,
                    "weight": [
                        0,
                        0,
                        0,
                        0
                    ],
                    "weightHard": false,
                    "weightScale": [
                        1,
                        1,
                        1
                    ],
                    "mirrored": false,
                    "twinId": 0,
                    "flooded": false,
                    "pathable": true,
                    "mergeable": false,
                    "no_features": false
                },
                {
                    "spec": "/pa/terrain/jungle/brushes/jungle_t1_medium_4_ramp.json",
                    "proj": "BP_Bend",
                    "op": "BO_Add",
                    "position": [
                        262.590087890625,
                        88.53842163085938,
                        505.20147705078125
                    ],
                    "height": 576.2127685546875,
                    "transform": [
                        0.8682940602302551,
                        -0.19592662155628204,
                        0.45571720600128174,
                        262.590087890625,
                        0.14006930589675903,
                        0.978146493434906,
                        0.1536557674407959,
                        88.53841400146484,
                        0.47586339712142944,
                        0.0695863887667656,
                        -0.8767620325088501,
                        -505.20147705078125
                    ],
                    "scale": [
                        1,
                        1,
                        1
                    ],
                    "rotation": 0.18000000715255737,
                    "weight": [
                        0,
                        0,
                        0,
                        0
                    ],
                    "weightHard": false,
                    "weightScale": [
                        1,
                        1,
                        1
                    ],
                    "mirrored": true,
                    "twinId": 0,
                    "flooded": false,
                    "pathable": true,
                    "mergeable": false,
                    "no_features": false
                },
                {
                    "spec": "/pa/terrain/jungle/brushes/jungle_t2_small_2_ramp.json",
                    "proj": "BP_Bend",
                    "op": "BO_Add",
                    "position": [
                        192.60238647460938,
                        439.8748779296875,
                        313.4205322265625
                    ],
                    "height": 573.4265747070312,
                    "transform": [
                        -0.3481186032295227,
                        -0.9055538177490234,
                        0.34595614671707153,
                        192.60238647460938,
                        0.6589909791946411,
                        0.04851951450109482,
                        0.790111780166626,
                        439.8748474121094,
                        -0.7109460830688477,
                        0.48838311433792114,
                        0.5629720687866211,
                        313.4205322265625
                    ],
                    "scale": [
                        1.0299999713897705,
                        1.0299999713897705,
                        1.0299999713897705
                    ],
                    "rotation": 1.7599986791610718,
                    "weight": [
                        0,
                        0,
                        0,
                        0
                    ],
                    "weightHard": false,
                    "weightScale": [
                        1,
                        1,
                        1
                    ],
                    "mirrored": false,
                    "twinId": 0,
                    "flooded": false,
                    "pathable": true,
                    "mergeable": false,
                    "no_features": false
                },
                {
                    "spec": "/pa/terrain/jungle/brushes/jungle_t2_small_2_ramp.json",
                    "proj": "BP_Bend",
                    "op": "BO_Add",
                    "position": [
                        192.60238647460938,
                        439.8748779296875,
                        313.4205322265625
                    ],
                    "height": 573.4265747070312,
                    "transform": [
                        -0.3481186032295227,
                        -0.9055538177490234,
                        0.34595614671707153,
                        192.60238647460938,
                        0.6589909791946411,
                        0.04851951450109482,
                        0.790111780166626,
                        439.8748474121094,
                        0.7109460830688477,
                        -0.48838311433792114,
                        -0.5629720687866211,
                        -313.4205322265625
                    ],
                    "scale": [
                        1.0299999713897705,
                        1.0299999713897705,
                        1.0299999713897705
                    ],
                    "rotation": 1.7599986791610718,
                    "weight": [
                        0,
                        0,
                        0,
                        0
                    ],
                    "weightHard": false,
                    "weightScale": [
                        1,
                        1,
                        1
                    ],
                    "mirrored": true,
                    "twinId": 0,
                    "flooded": false,
                    "pathable": true,
                    "mergeable": false,
                    "no_features": false
                },
                {
                    "spec": "/pa/terrain/jungle/brushes/jungle_t2_small_2_ramp.json",
                    "proj": "BP_Bend",
                    "op": "BO_Add",
                    "position": [
                        412.087646484375,
                        -228.49688720703125,
                        329.90155029296875
                    ],
                    "height": 575.2061157226562,
                    "transform": [
                        0.4225274920463562,
                        0.5812568068504333,
                        0.7379099130630493,
                        412.0876770019531,
                        -0.4378540813922882,
                        0.8377177715301514,
                        -0.4091608226299286,
                        -228.4969024658203,
                        -0.8310561180114746,
                        -0.14584001898765564,
                        0.5907422304153442,
                        329.9015197753906
                    ],
                    "scale": [
                        1.0299999713897705,
                        1.0299999713897705,
                        1.0299999713897705
                    ],
                    "rotation": -0.6799996495246887,
                    "weight": [
                        0,
                        0,
                        0,
                        0
                    ],
                    "weightHard": false,
                    "weightScale": [
                        1,
                        1,
                        1
                    ],
                    "mirrored": false,
                    "twinId": 0,
                    "flooded": false,
                    "pathable": true,
                    "mergeable": false,
                    "no_features": false
                },
                {
                    "spec": "/pa/terrain/jungle/brushes/jungle_t2_small_2_ramp.json",
                    "proj": "BP_Bend",
                    "op": "BO_Add",
                    "position": [
                        412.087646484375,
                        -228.49688720703125,
                        329.90155029296875
                    ],
                    "height": 575.2061157226562,
                    "transform": [
                        0.4225274920463562,
                        0.5812568068504333,
                        0.7379099130630493,
                        412.0876770019531,
                        -0.4378540813922882,
                        0.8377177715301514,
                        -0.4091608226299286,
                        -228.4969024658203,
                        0.8310561180114746,
                        0.14584001898765564,
                        -0.5907422304153442,
                        -329.9015197753906
                    ],
                    "scale": [
                        1.0299999713897705,
                        1.0299999713897705,
                        1.0299999713897705
                    ],
                    "rotation": -0.6799996495246887,
                    "weight": [
                        0,
                        0,
                        0,
                        0
                    ],
                    "weightHard": false,
                    "weightScale": [
                        1,
                        1,
                        1
                    ],
                    "mirrored": true,
                    "twinId": 0,
                    "flooded": false,
                    "pathable": true,
                    "mergeable": false,
                    "no_features": false
                },
                {
                    "spec": "/pa/terrain/jungle/brushes/jungle_plateau_06.json",
                    "proj": "BP_Bend",
                    "op": "BO_Add",
                    "position": [
                        414.0596923828125,
                        361.1134033203125,
                        165.96270751953125
                    ],
                    "height": 573.9267578125,
                    "transform": [
                        0.5280925631523132,
                        -0.447914719581604,
                        0.7214504480361938,
                        414.0597229003906,
                        -0.22980982065200806,
                        0.7424942255020142,
                        0.6291977167129517,
                        361.1134033203125,
                        -0.8174996972084045,
                        -0.49807101488113403,
                        0.289170503616333,
                        165.9626922607422
                    ],
                    "scale": [
                        1,
                        1,
                        1
                    ],
                    "rotation": 0.17000000178813934,
                    "weight": [
                        0,
                        0,
                        0,
                        0
                    ],
                    "weightHard": false,
                    "weightScale": [
                        1,
                        1,
                        1
                    ],
                    "mirrored": false,
                    "twinId": 0,
                    "flooded": false,
                    "pathable": false,
                    "mergeable": false,
                    "no_features": false
                },
                {
                    "spec": "/pa/terrain/jungle/brushes/jungle_plateau_06.json",
                    "proj": "BP_Bend",
                    "op": "BO_Add",
                    "position": [
                        414.0596923828125,
                        361.1134033203125,
                        165.96270751953125
                    ],
                    "height": 573.9267578125,
                    "transform": [
                        0.5280925631523132,
                        -0.447914719581604,
                        0.7214504480361938,
                        414.0597229003906,
                        -0.22980982065200806,
                        0.7424942255020142,
                        0.6291977167129517,
                        361.1134033203125,
                        0.8174996972084045,
                        0.49807101488113403,
                        -0.289170503616333,
                        -165.9626922607422
                    ],
                    "scale": [
                        1,
                        1,
                        1
                    ],
                    "rotation": 0.17000000178813934,
                    "weight": [
                        0,
                        0,
                        0,
                        0
                    ],
                    "weightHard": false,
                    "weightScale": [
                        1,
                        1,
                        1
                    ],
                    "mirrored": true,
                    "twinId": 0,
                    "flooded": false,
                    "pathable": false,
                    "mergeable": false,
                    "no_features": false
                },
                {
                    "spec": "/pa/terrain/jungle/brushes/jungle_plateau_06.json",
                    "proj": "BP_Bend",
                    "op": "BO_Add",
                    "position": [
                        539.6448364257812,
                        -20.617897033691406,
                        201.51910400390625
                    ],
                    "height": 576.4127197265625,
                    "transform": [
                        0.13083064556121826,
                        -0.3261736035346985,
                        0.9362127184867859,
                        539.6448974609375,
                        0.9587756991386414,
                        0.2819036841392517,
                        -0.03576933592557907,
                        -20.617900848388672,
                        -0.25225481390953064,
                        0.9022977352142334,
                        0.3496089577674866,
                        201.51904296875
                    ],
                    "scale": [
                        1,
                        1,
                        1
                    ],
                    "rotation": 1.25999915599823,
                    "weight": [
                        0,
                        0,
                        0,
                        0
                    ],
                    "weightHard": false,
                    "weightScale": [
                        1,
                        1,
                        1
                    ],
                    "mirrored": false,
                    "twinId": 0,
                    "flooded": false,
                    "pathable": false,
                    "mergeable": false,
                    "no_features": false
                },
                {
                    "spec": "/pa/terrain/jungle/brushes/jungle_plateau_06.json",
                    "proj": "BP_Bend",
                    "op": "BO_Add",
                    "position": [
                        539.6448364257812,
                        -20.617897033691406,
                        201.51910400390625
                    ],
                    "height": 576.4127197265625,
                    "transform": [
                        0.13083064556121826,
                        -0.3261736035346985,
                        0.9362127184867859,
                        539.6448974609375,
                        0.9587756991386414,
                        0.2819036841392517,
                        -0.03576933592557907,
                        -20.617900848388672,
                        0.25225481390953064,
                        -0.9022977352142334,
                        -0.3496089577674866,
                        -201.51904296875
                    ],
                    "scale": [
                        1,
                        1,
                        1
                    ],
                    "rotation": 1.25999915599823,
                    "weight": [
                        0,
                        0,
                        0,
                        0
                    ],
                    "weightHard": false,
                    "weightScale": [
                        1,
                        1,
                        1
                    ],
                    "mirrored": true,
                    "twinId": 0,
                    "flooded": false,
                    "pathable": false,
                    "mergeable": false,
                    "no_features": false
                },
                {
                    "spec": "/pa/terrain/jungle/brushes/jungle_volcano_06.json",
                    "proj": "BP_Bend",
                    "op": "BO_Add",
                    "position": [
                        562.5006103515625,
                        112.93048095703125,
                        -38.921146392822266
                    ],
                    "height": 575.0435180664062,
                    "transform": [
                        -0.026316523551940918,
                        -0.20604850351810455,
                        0.9781878590583801,
                        562.5006103515625,
                        -0.20604850351810455,
                        0.9586326479911804,
                        0.1963859349489212,
                        112.93045806884766,
                        -0.9781878590583801,
                        -0.1963859349489212,
                        -0.06768381595611572,
                        -38.921138763427734
                    ],
                    "scale": [
                        1,
                        1,
                        1
                    ],
                    "rotation": 0,
                    "weight": [
                        0,
                        0,
                        0,
                        0
                    ],
                    "weightHard": false,
                    "weightScale": [
                        1,
                        1,
                        1
                    ],
                    "mirrored": false,
                    "twinId": 0,
                    "flooded": false,
                    "pathable": false,
                    "mergeable": false,
                    "no_features": false
                },
                {
                    "spec": "/pa/terrain/jungle/brushes/jungle_volcano_06.json",
                    "proj": "BP_Bend",
                    "op": "BO_Add",
                    "position": [
                        562.5006103515625,
                        112.93048095703125,
                        -38.921146392822266
                    ],
                    "height": 575.0435180664062,
                    "transform": [
                        -0.026316523551940918,
                        -0.20604850351810455,
                        0.9781878590583801,
                        562.5006103515625,
                        -0.20604850351810455,
                        0.9586326479911804,
                        0.1963859349489212,
                        112.93045806884766,
                        0.9781878590583801,
                        0.1963859349489212,
                        0.06768381595611572,
                        38.921138763427734
                    ],
                    "scale": [
                        1,
                        1,
                        1
                    ],
                    "rotation": 0,
                    "weight": [
                        0,
                        0,
                        0,
                        0
                    ],
                    "weightHard": false,
                    "weightScale": [
                        1,
                        1,
                        1
                    ],
                    "mirrored": true,
                    "twinId": 0,
                    "flooded": false,
                    "pathable": false,
                    "mergeable": false,
                    "no_features": false
                },
                {
                    "spec": "/pa/terrain/jungle/brushes/jungle_volcano_06.json",
                    "proj": "BP_Bend",
                    "op": "BO_Add",
                    "position": [
                        538.1715087890625,
                        197.60821533203125,
                        -45.66818618774414
                    ],
                    "height": 575.1201171875,
                    "transform": [
                        0.048834145069122314,
                        -0.3492533266544342,
                        0.9357548356056213,
                        538.1714477539062,
                        -0.3492533266544342,
                        0.8717595934867859,
                        0.34359464049339294,
                        197.60818481445312,
                        -0.9357548356056213,
                        -0.34359464049339294,
                        -0.0794062614440918,
                        -45.66813659667969
                    ],
                    "scale": [
                        1,
                        1,
                        1
                    ],
                    "rotation": 0,
                    "weight": [
                        0,
                        0,
                        0,
                        0
                    ],
                    "weightHard": false,
                    "weightScale": [
                        1,
                        1,
                        1
                    ],
                    "mirrored": false,
                    "twinId": 0,
                    "flooded": false,
                    "pathable": false,
                    "mergeable": false,
                    "no_features": false
                },
                {
                    "spec": "/pa/terrain/jungle/brushes/jungle_volcano_06.json",
                    "proj": "BP_Bend",
                    "op": "BO_Add",
                    "position": [
                        538.1715087890625,
                        197.60821533203125,
                        -45.66818618774414
                    ],
                    "height": 575.1201171875,
                    "transform": [
                        0.048834145069122314,
                        -0.3492533266544342,
                        0.9357548356056213,
                        538.1714477539062,
                        -0.3492533266544342,
                        0.8717595934867859,
                        0.34359464049339294,
                        197.60818481445312,
                        0.9357548356056213,
                        0.34359464049339294,
                        0.0794062614440918,
                        45.66813659667969
                    ],
                    "scale": [
                        1,
                        1,
                        1
                    ],
