{
    "name": "Saga 10P System",
    "description": "10 players FFA or 5 vs 5 system.Landmass. For big intense battles.",
    "creator": "GreatBalancer",
    "version": "1.0",
    "planets": [
        {
            "name": "Saga",
            "mass": 10000,
            "position_x": 20400,
            "position_y": -1800,
            "velocity_x": 13.733651161193848,
            "velocity_y": 155.6481170654297,
            "required_thrust_to_move": 0,
            "starting_planet": true,
            "respawn": false,
            "start_destroyed": false,
            "min_spawn_delay": 0,
            "max_spawn_delay": 0,
            "planet": {
                "seed": 150239936,
                "radius": 685,
                "heightRange": 0,
                "waterHeight": 0,
                "waterDepth": 0,
                "temperature": 0,
                "metalDensity": 0,
                "metalClusters": 190,
                "metalSpotLimit": -1,
                "biomeScale": 75.00000006869588,
                "biome": "arctic",
                "symmetryType": "terrain and CSG",
                "symmetricalMetal": true,
                "symmetricalStarts": false,
                "numArmies": 2,
                "landingZonesPerArmy": 0,
                "landingZoneSize": 0,
                "heightAdjustments": []
            },
            "planetCSG": [
                {
                    "spec": "/pa/terrain/ice/brushes/ice_cliff_01.json",
                    "proj": "BP_Bend",
                    "op": "BO_Add",
                    "position": [
                        -394.3228759765625,
                        -550.3598022460938,
                        111.00647735595703
                    ],
                    "height": 686.082275390625,
                    "transform": [
                        -0.7790278196334839,
                        0.2505652904510498,
                        -0.5747457146644592,
                        -394.3228454589844,
                        0.47580111026763916,
                        -0.3607277274131775,
                        -0.8021774888038635,
                        -550.3597412109375,
                        0.40832453966140747,
                        0.8983832597732544,
                        -0.16179770231246948,
                        -111.00653839111328
                    ],
                    "scale": [
                        1,
                        1,
                        1
                    ],
                    "rotation": 2.946488857269287,
                    "weight": [
                        1,
                        1,
                        1,
                        1
                    ],
                    "weightHard": false,
                    "weightScale": [
                        4,
                        4,
                        4
                    ],
                    "mirrored": true,
                    "twinId": 0,
                    "flooded": false,
                    "pathable": false,
                    "mergeable": false,
                    "no_features": false
                },
                {
                    "spec": "/pa/terrain/ice/brushes/ice_cliff_01.json",
                    "proj": "BP_Bend",
                    "op": "BO_Add",
                    "position": [
                        325.78228759765625,
                        423.4405212402344,
                        423.4405212402344
                    ],
                    "height": 681.7168579101562,
                    "transform": [
                        -0.753054141998291,
                        -0.45225584506988525,
                        0.47788506746292114,
                        325.7823181152344,
                        0.6537424921989441,
                        -0.4322126507759094,
                        0.6211383938789368,
                        423.4405212402344,
                        0.07436549663543701,
                        -0.7801645994186401,
                        -0.6211383938789368,
                        -423.4405212402344
                    ],
                    "scale": [
                        1,
                        1,
                        1
                    ],
                    "rotation": 2.3907766342163086,
                    "weight": [
                        1,
                        1,
                        1,
                        1
                    ],
                    "weightHard": false,
                    "weightScale": [
                        4,
                        4,
                        4
                    ],
                    "mirrored": true,
                    "twinId": 0,
                    "flooded": false,
                    "pathable": false,
                    "mergeable": false,
                    "no_features": false
                },
                {
                    "spec": "/pa/terrain/desert/brushes/desert_t1_large_8_ramp.json",
                    "proj": "BP_Bend",
                    "op": "BO_Add",
                    "position": [
                        -403.52392578125,
                        -394.332763671875,
                        396.4063720703125
                    ],
                    "height": 689.5418090820312,
                    "transform": [
                        0.38565173745155334,
                        -0.7133069038391113,
                        -0.5852059125900269,
                        -403.5239562988281,
                        0.4273606836795807,
                        0.7002286911010742,
                        -0.5718764662742615,
                        -394.3327331542969,
                        0.8177013397216797,
                        -0.029548823833465576,
                        0.5748836994171143,
                        396.4063415527344
                    ],
                    "scale": [
                        1,
                        1,
                        1
                    ],
                    "rotation": 0.8099995255470276,
                    "weight": [
                        0,
                        0,
                        0,
                        0
                    ],
                    "weightHard": false,
                    "weightScale": [
                        1,
                        1,
                        1
                    ],
                    "mirrored": false,
                    "twinId": 0,
                    "flooded": false,
                    "pathable": true,
                    "mergeable": false,
                    "no_features": false
                },
                {
                    "spec": "/pa/terrain/desert/brushes/desert_t1_large_8_ramp.json",
                    "proj": "BP_Bend",
                    "op": "BO_Add",
                    "position": [
                        -403.52392578125,
                        -394.332763671875,
                        396.4063720703125
                    ],
                    "height": 689.5418090820312,
                    "transform": [
                        0.38565173745155334,
                        -0.7133069038391113,
                        -0.5852059125900269,
                        -403.5239562988281,
                        0.4273606836795807,
                        0.7002286911010742,
                        -0.5718764662742615,
                        -394.3327331542969,
                        -0.8177013397216797,
                        0.029548823833465576,
                        -0.5748836994171143,
                        -396.4063415527344
                    ],
                    "scale": [
                        1,
                        1,
                        1
                    ],
                    "rotation": 0.8099995255470276,
                    "weight": [
                        0,
                        0,
                        0,
                        0
                    ],
                    "weightHard": false,
                    "weightScale": [
                        1,
                        1,
                        1
                    ],
                    "mirrored": true,
                    "twinId": 0,
                    "flooded": false,
                    "pathable": true,
                    "mergeable": false,
                    "no_features": false
                },
                {
                    "spec": "/pa/terrain/desert/brushes/desert_t1_large_8_ramp.json",
                    "proj": "BP_Bend",
                    "op": "BO_Add",
                    "position": [
                        -500.9896240234375,
                        250.0474853515625,
                        391.16607666015625
                    ],
                    "height": 683.0265502929688,
                    "transform": [
                        0.5047212839126587,
                        0.4552541971206665,
                        -0.7334848642349243,
                        -500.9896240234375,
                        -0.2709835171699524,
                        0.890251636505127,
                        0.3660874664783478,
                        250.04745483398438,
                        0.8196489214897156,
                        0.013990163803100586,
                        0.572695255279541,
                        391.16607666015625
                    ],
                    "scale": [
                        1,
                        1,
                        1
                    ],
                    "rotation": -0.479999840259552,
                    "weight": [
                        0,
                        0,
                        0,
                        0
                    ],
                    "weightHard": false,
                    "weightScale": [
                        1,
                        1,
                        1
                    ],
                    "mirrored": false,
                    "twinId": 0,
                    "flooded": false,
                    "pathable": true,
                    "mergeable": false,
                    "no_features": false
                },
                {
                    "spec": "/pa/terrain/desert/brushes/desert_t1_large_8_ramp.json",
                    "proj": "BP_Bend",
                    "op": "BO_Add",
                    "position": [
                        -500.9896240234375,
                        250.0474853515625,
                        391.16607666015625
                    ],
                    "height": 683.0265502929688,
                    "transform": [
                        0.5047212839126587,
                        0.4552541971206665,
                        -0.7334848642349243,
                        -500.9896240234375,
                        -0.2709835171699524,
                        0.890251636505127,
                        0.3660874664783478,
                        250.04745483398438,
                        -0.8196489214897156,
                        -0.013990163803100586,
                        -0.572695255279541,
                        -391.16607666015625
                    ],
                    "scale": [
                        1,
                        1,
                        1
                    ],
                    "rotation": -0.479999840259552,
                    "weight": [
                        0,
                        0,
                        0,
                        0
                    ],
                    "weightHard": false,
                    "weightScale": [
                        1,
                        1,
                        1
                    ],
                    "mirrored": true,
                    "twinId": 0,
                    "flooded": false,
                    "pathable": true,
                    "mergeable": false,
                    "no_features": false
                },
                {
                    "spec": "/pa/terrain/desert/brushes/desert_t1_large_8_ramp.json",
                    "proj": "BP_Bend",
                    "op": "BO_Add",
                    "position": [
                        73.09925842285156,
                        554.802490234375,
                        394.5732421875
                    ],
                    "height": 684.7169799804688,
                    "transform": [
                        -0.06357140839099884,
                        0.9922506809234619,
                        0.10675835609436035,
                        73.09925842285156,
                        -0.572821319103241,
                        -0.1238776445388794,
                        0.8102654218673706,
                        554.802490234375,
                        0.817211389541626,
                        -0.009643755853176117,
                        0.5762574076652527,
                        394.5732421875
                    ],
                    "scale": [
                        1,
                        1,
                        1
                    ],
                    "rotation": -1.689998745918274,
                    "weight": [
                        0,
                        0,
                        0,
                        0
                    ],
                    "weightHard": false,
                    "weightScale": [
                        1,
                        1,
                        1
                    ],
                    "mirrored": false,
                    "twinId": 0,
                    "flooded": false,
                    "pathable": true,
                    "mergeable": false,
                    "no_features": false
                },
                {
                    "spec": "/pa/terrain/desert/brushes/desert_t1_large_8_ramp.json",
                    "proj": "BP_Bend",
                    "op": "BO_Add",
                    "position": [
                        73.09925842285156,
                        554.802490234375,
                        394.5732421875
                    ],
                    "height": 684.7169799804688,
                    "transform": [
                        -0.06357140839099884,
                        0.9922506809234619,
                        0.10675835609436035,
                        73.09925842285156,
                        -0.572821319103241,
                        -0.1238776445388794,
                        0.8102654218673706,
                        554.802490234375,
                        -0.817211389541626,
                        0.009643755853176117,
                        -0.5762574076652527,
                        -394.5732421875
                    ],
                    "scale": [
                        1,
                        1,
                        1
                    ],
                    "rotation": -1.689998745918274,
                    "weight": [
                        0,
                        0,
                        0,
                        0
                    ],
                    "weightHard": false,
                    "weightScale": [
                        1,
                        1,
                        1
                    ],
                    "mirrored": true,
                    "twinId": 0,
                    "flooded": false,
                    "pathable": true,
                    "mergeable": false,
                    "no_features": false
                },
                {
                    "spec": "/pa/terrain/desert/brushes/desert_t1_large_8_ramp.json",
                    "proj": "BP_Bend",
                    "op": "BO_Add",
                    "position": [
                        552.1455078125,
                        93.11016082763672,
                        397.22454833984375
                    ],
                    "height": 686.528564453125,
                    "transform": [
                        -0.5801994204521179,
                        0.12860457599163055,
                        0.8042570352554321,
                        552.1454467773438,
                        -0.0314975380897522,
                        -0.9902595281600952,
                        0.13562458753585815,
                        93.11015319824219,
                        0.8138651251792908,
                        0.053357191383838654,
                        0.5785987377166748,
                        397.22454833984375
                    ],
                    "scale": [
                        1,
                        1,
                        1
                    ],
                    "rotation": -3.0399975776672363,
                    "weight": [
                        0,
                        0,
                        0,
                        0
                    ],
                    "weightHard": false,
                    "weightScale": [
                        1,
                        1,
                        1
                    ],
                    "mirrored": false,
                    "twinId": 0,
                    "flooded": false,
                    "pathable": true,
                    "mergeable": false,
                    "no_features": false
                },
                {
                    "spec": "/pa/terrain/desert/brushes/desert_t1_large_8_ramp.json",
                    "proj": "BP_Bend",
                    "op": "BO_Add",
                    "position": [
                        552.1455078125,
                        93.11016082763672,
                        397.22454833984375
                    ],
                    "height": 686.528564453125,
                    "transform": [
                        -0.5801994204521179,
                        0.12860457599163055,
                        0.8042570352554321,
                        552.1454467773438,
                        -0.0314975380897522,
                        -0.9902595281600952,
                        0.13562458753585815,
                        93.11015319824219,
                        -0.8138651251792908,
                        -0.053357191383838654,
                        -0.5785987377166748,
                        -397.22454833984375
                    ],
                    "scale": [
                        1,
                        1,
                        1
                    ],
                    "rotation": -3.0399975776672363,
                    "weight": [
                        0,
                        0,
                        0,
                        0
                    ],
                    "weightHard": false,
                    "weightScale": [
                        1,
                        1,
                        1
                    ],
                    "mirrored": true,
                    "twinId": 0,
                    "flooded": false,
                    "pathable": true,
                    "mergeable": false,
                    "no_features": false
                },
                {
                    "spec": "/pa/terrain/desert/brushes/desert_t1_large_8_ramp.json",
                    "proj": "BP_Bend",
                    "op": "BO_Add",
                    "position": [
                        244.948486328125,
                        -489.876953125,
                        411.09161376953125
                    ],
                    "height": 684.81787109375,
                    "transform": [
                        -0.27341753244400024,
                        -0.8929193615913391,
                        0.35768404603004456,
                        244.94842529296875,
                        0.5344293117523193,
                        -0.4501948952674866,
                        -0.7153388857841492,
                        -489.8768615722656,
                        0.7997674345970154,
                        -0.004429370164871216,
                        0.6002934575080872,
                        411.0916748046875
                    ],
                    "scale": [
                        1,
                        1,
                        1
                    ],
                    "rotation": 2.0399985313415527,
                    "weight": [
                        0,
                        0,
                        0,
                        0
                    ],
                    "weightHard": false,
                    "weightScale": [
                        1,
                        1,
                        1
                    ],
                    "mirrored": false,
                    "twinId": 0,
                    "flooded": false,
                    "pathable": true,
                    "mergeable": false,
                    "no_features": false
                },
                {
                    "spec": "/pa/terrain/desert/brushes/desert_t1_large_8_ramp.json",
                    "proj": "BP_Bend",
                    "op": "BO_Add",
                    "position": [
                        244.948486328125,
                        -489.876953125,
                        411.09161376953125
                    ],
                    "height": 684.81787109375,
                    "transform": [
                        -0.27341753244400024,
                        -0.8929193615913391,
                        0.35768404603004456,
                        244.94842529296875,
                        0.5344293117523193,
                        -0.4501948952674866,
                        -0.7153388857841492,
                        -489.87689208984375,
                        -0.7997674345970154,
                        0.004429370164871216,
                        -0.6002934575080872,
                        -411.0917053222656
                    ],
                    "scale": [
                        1,
                        1,
                        1
                    ],
                    "rotation": 2.0399985313415527,
                    "weight": [
                        0,
                        0,
                        0,
                        0
                    ],
                    "weightHard": false,
                    "weightScale": [
                        1,
                        1,
                        1
                    ],
                    "mirrored": true,
                    "twinId": 0,
                    "flooded": false,
                    "pathable": true,
                    "mergeable": false,
                    "no_features": false
                },
                {
                    "spec": "/pa/terrain/desert/brushes/desert_plateau_08.json",
                    "proj": "BP_Bend",
                    "op": "BO_Add",
                    "position": [
                        -241.27899169921875,
                        450.1988525390625,
                        452.12896728515625
                    ],
                    "height": 682.14013671875,
                    "transform": [
                        0.8205549716949463,
                        0.4489760398864746,
                        -0.3537088930606842,
                        -241.27903747558594,
                        -0.12119758129119873,
                        0.741442859172821,
                        0.659980058670044,
                        450.1988830566406,
                        0.558570146560669,
                        -0.49868130683898926,
                        0.6628094911575317,
                        452.12896728515625
                    ],
                    "scale": [
                        1,
                        1,
                        1
                    ],
                    "rotation": -0.34999993443489075,
                    "weight": [
                        0,
                        0,
                        0,
                        0
                    ],
                    "weightHard": false,
                    "weightScale": [
                        1,
                        1,
                        1
                    ],
                    "mirrored": false,
                    "twinId": 0,
                    "flooded": false,
                    "pathable": false,
                    "mergeable": false,
                    "no_features": false
                },
                {
                    "spec": "/pa/terrain/desert/brushes/desert_plateau_08.json",
                    "proj": "BP_Bend",
                    "op": "BO_Add",
                    "position": [
                        -241.27899169921875,
                        450.1988525390625,
                        452.12896728515625
                    ],
                    "height": 682.14013671875,
                    "transform": [
                        0.8205549716949463,
                        0.4489760398864746,
                        -0.3537088930606842,
                        -241.27903747558594,
                        -0.12119758129119873,
                        0.741442859172821,
                        0.659980058670044,
                        450.1988830566406,
                        -0.558570146560669,
                        0.49868130683898926,
                        -0.6628094911575317,
                        -452.12896728515625
                    ],
                    "scale": [
                        1,
                        1,
                        1
                    ],
                    "rotation": -0.34999993443489075,
                    "weight": [
                        0,
                        0,
                        0,
                        0
                    ],
                    "weightHard": false,
                    "weightScale": [
                        1,
                        1,
                        1
                    ],
                    "mirrored": true,
                    "twinId": 0,
                    "flooded": false,
                    "pathable": false,
                    "mergeable": false,
                    "no_features": false
                },
                {
                    "spec": "/pa/terrain/desert/brushes/desert_plateau_08.json",
                    "proj": "BP_Bend",
                    "op": "BO_Add",
                    "position": [
                        -292.15185546875,
                        562.4066162109375,
                        254.50665283203125
                    ],
                    "height": 682.9549560546875,
                    "transform": [
                        0.8666872382164001,
                        0.25663354992866516,
                        -0.4277760982513428,
                        -292.15179443359375,
                        0.25663354992866516,
                        0.5059678554534912,
                        0.8234899044036865,
                        562.406494140625,
                        0.4277760982513428,
                        -0.8234899044036865,
                        0.37265515327453613,
                        254.50668334960938
                    ],
                    "scale": [
                        1,
                        1,
                        1
                    ],
                    "rotation": 0,
                    "weight": [
                        0,
                        0,
                        0,
                        0
                    ],
                    "weightHard": false,
                    "weightScale": [
                        1,
                        1,
                        1
                    ],
                    "mirrored": false,
                    "twinId": 0,
                    "flooded": false,
                    "pathable": false,
                    "mergeable": false,
                    "no_features": false
                },
                {
                    "spec": "/pa/terrain/desert/brushes/desert_plateau_08.json",
                    "proj": "BP_Bend",
                    "op": "BO_Add",
                    "position": [
                        -292.15185546875,
                        562.4066162109375,
                        254.50665283203125
                    ],
                    "height": 682.9549560546875,
                    "transform": [
                        0.8666872382164001,
                        0.25663354992866516,
                        -0.4277760982513428,
                        -292.15179443359375,
                        0.25663354992866516,
                        0.5059678554534912,
                        0.8234899044036865,
                        562.406494140625,
                        -0.4277760982513428,
                        0.8234899044036865,
                        -0.37265515327453613,
                        -254.50668334960938
                    ],
                    "scale": [
                        1,
                        1,
                        1
                    ],
                    "rotation": 0,
                    "weight": [
                        0,
                        0,
                        0,
                        0
                    ],
                    "weightHard": false,
                    "weightScale": [
                        1,
                        1,
                        1
                    ],
                    "mirrored": true,
                    "twinId": 0,
                    "flooded": false,
                    "pathable": false,
                    "mergeable": false,
                    "no_features": false
                },
                {
                    "spec": "/pa/terrain/desert/brushes/desert_plateau_08.json",
                    "proj": "BP_Bend",
                    "op": "BO_Add",
                    "position": [
                        355.1993408203125,
                        376.6260986328125,
                        443.799560546875
                    ],
                    "height": 681.888427734375,
                    "transform": [
                        0.21648642420768738,
                        0.8257064819335938,
                        0.5209053158760071,
                        355.1993103027344,
                        -0.8230030536651611,
                        -0.13266412913799286,
                        0.5523279905319214,
                        376.6260681152344,
                        0.5251662731170654,
                        -0.5482781529426575,
                        0.6508389711380005,
                        443.799560546875
                    ],
                    "scale": [
                        1,
                        1,
                        1
                    ],
                    "rotation": -1.5199989080429077,
                    "weight": [
                        0,
                        0,
                        0,
                        0
                    ],
                    "weightHard": false,
                    "weightScale": [
                        1,
                        1,
                        1
                    ],
                    "mirrored": false,
                    "twinId": 0,
                    "flooded": false,
                    "pathable": false,
                    "mergeable": false,
                    "no_features": false
                },
                {
                    "spec": "/pa/terrain/desert/brushes/desert_plateau_08.json",
                    "proj": "BP_Bend",
                    "op": "BO_Add",
                    "position": [
                        355.1993408203125,
                        376.6260986328125,
                        443.799560546875
                    ],
                    "height": 681.888427734375,
                    "transform": [
                        0.21648642420768738,
                        0.8257064819335938,
                        0.5209053158760071,
                        355.1993103027344,
                        -0.8230030536651611,
                        -0.13266412913799286,
                        0.5523279905319214,
                        376.6260681152344,
                        -0.5251662731170654,
                        0.5482781529426575,
                        -0.6508389711380005,
                        -443.799560546875
                    ],
                    "scale": [
                        1,
                        1,
                        1
                    ],
                    "rotation": -1.5199989080429077,
                    "weight": [
                        0,
                        0,
                        0,
                        0
                    ],
                    "weightHard": false,
                    "weightScale": [
                        1,
                        1,
                        1
                    ],
                    "mirrored": true,
                    "twinId": 0,
                    "flooded": false,
                    "pathable": false,
                    "mergeable": false,
                    "no_features": false
                },
                {
                    "spec": "/pa/terrain/desert/brushes/desert_plateau_08.json",
                    "proj": "BP_Bend",
                    "op": "BO_Add",
                    "position": [
                        433.5487060546875,
                        465.1751708984375,
                        247.44415283203125
                    ],
                    "height": 682.3350219726562,
                    "transform": [
                        0.37365013360977173,
                        0.6757701635360718,
                        0.6353898048400879,
                        433.5487060546875,
                        -0.6824276447296143,
                        -0.263671875,
                        0.6817401647567749,
                        465.1752014160156,
                        0.6282340884208679,
                        -0.6883398294448853,
                        0.3626432418823242,
                        247.44418334960938
                    ],
                    "scale": [
                        1,
                        1,
                        1
                    ],
                    "rotation": -1.4899989366531372,
                    "weight": [
                        0,
                        0,
                        0,
                        0
                    ],
                    "weightHard": false,
                    "weightScale": [
                        1,
                        1,
                        1
                    ],
                    "mirrored": false,
                    "twinId": 0,
                    "flooded": false,
                    "pathable": false,
                    "mergeable": false,
                    "no_features": false
                },
                {
                    "spec": "/pa/terrain/desert/brushes/desert_plateau_08.json",
                    "proj": "BP_Bend",
                    "op": "BO_Add",
                    "position": [
                        433.5487060546875,
                        465.1751708984375,
                        247.44415283203125
                    ],
                    "height": 682.3350219726562,
                    "transform": [
                        0.37365013360977173,
                        0.6757701635360718,
                        0.6353898048400879,
                        433.5487060546875,
                        -0.6824276447296143,
                        -0.263671875,
                        0.6817401647567749,
                        465.1752014160156,
                        -0.6282340884208679,
                        0.6883398294448853,
                        -0.3626432418823242,
                        -247.44418334960938
                    ],
                    "scale": [
                        1,
                        1,
                        1
                    ],
                    "rotation": -1.4899989366531372,
                    "weight": [
                        0,
                        0,
                        0,
                        0
                    ],
                    "weightHard": false,
                    "weightScale": [
                        1,
                        1,
                        1
                    ],
                    "mirrored": true,
                    "twinId": 0,
                    "flooded": false,
                    "pathable": false,
                    "mergeable": false,
                    "no_features": false
                },
                {
                    "spec": "/pa/terrain/desert/brushes/desert_plateau_08.json",
                    "proj": "BP_Bend",
                    "op": "BO_Add",
                    "position": [
                        450.4739990234375,
                        -216.43426513671875,
                        468.49005126953125
                    ],
                    "height": 685.0208740234375,
                    "transform": [
                        0.7532715201377869,
                        -0.011658996343612671,
                        0.657606303691864,
                        450.47406005859375,
                        0.28981003165245056,
                        0.9034289717674255,
                        -0.3159528374671936,
                        -216.43429565429688,
                        -0.5904169082641602,
                        0.428579181432724,
                        0.6839062571525574,
                        468.49005126953125
                    ],
                    "scale": [
                        1,
                        1,
                        1
                    ],
                    "rotation": 0.18000000715255737,
                    "weight": [
                        0,
                        0,
                        0,
                        0
                    ],
                    "weightHard": false,
                    "weightScale": [
                        1,
                        1,
                        1
                    ],
                    "mirrored": false,
                    "twinId": 0,
                    "flooded": false,
                    "pathable": false,
                    "mergeable": false,
                    "no_features": false
                },
                {
                    "spec": "/pa/terrain/desert/brushes/desert_plateau_08.json",
                    "proj": "BP_Bend",
                    "op": "BO_Add",
                    "position": [
                        450.4739990234375,
                        -216.43426513671875,
                        468.49005126953125
                    ],
                    "height": 685.0208740234375,
                    "transform": [
                        0.7532715201377869,
                        -0.011658996343612671,
                        0.657606303691864,
                        450.47406005859375,
                        0.28981003165245056,
                        0.9034289717674255,
                        -0.3159528374671936,
                        -216.43429565429688,
                        0.5904169082641602,
                        -0.428579181432724,
                        -0.6839062571525574,
                        -468.4900207519531
                    ],
                    "scale": [
                        1,
                        1,
                        1
                    ],
                    "rotation": 0.18000000715255737,
                    "weight": [
                        0,
                        0,
                        0,
                        0
                    ],
