{
    "name": "Saga 5vs5 Team System V2",
    "description": "5 vs 5 team game map.Landmass.",
    "creator": "GreatBalancer",
    "version": "1.0",
    "planets": [
        {
            "name": "Saga",
            "mass": 10000,
            "position_x": 20400,
            "position_y": -1800,
            "velocity_x": 13.733651161193848,
            "velocity_y": 155.6481170654297,
            "required_thrust_to_move": 0,
            "starting_planet": true,
            "respawn": false,
            "start_destroyed": false,
            "min_spawn_delay": 0,
            "max_spawn_delay": 0,
            "planet": {
                "seed": 150239936,
                "radius": 685,
                "heightRange": 0,
                "waterHeight": 18,
                "waterDepth": 0,
                "temperature": 50,
                "metalDensity": 0,
                "metalClusters": 230,
                "metalSpotLimit": -1,
                "biomeScale": 75.00000006869588,
                "biome": "alienred",
                "symmetryType": "terrain and CSG",
                "symmetricalMetal": true,
                "symmetricalStarts": false,
                "numArmies": 2,
                "landingZonesPerArmy": 0,
                "landingZoneSize": 0,
                "heightAdjustments": []
            },
            "planetCSG": [
                {
                    "proj": "BP_Bend",
                    "spec": "/pa/terrain/desert/brushes/desert_plateau_08.json",
                    "height": 682.14013671875,
                    "op": "BO_Add",
                    "position": [
                        -241.27899169921875,
                        450.1988525390625,
                        452.12896728515625
                    ],
                    "transform": [
                        0.8205549716949463,
                        0.4489760398864746,
                        -0.3537088930606842,
                        -241.27903747558594,
                        -0.12119758129119873,
                        0.741442859172821,
                        0.659980058670044,
                        450.1988830566406,
                        0.558570146560669,
                        -0.49868130683898926,
                        0.6628094911575317,
                        452.12896728515625
                    ],
                    "scale": [
                        1,
                        1,
                        1
                    ],
                    "rotation": -0.34999993443489075,
                    "weight": [
                        0,
                        0,
                        0,
                        0
                    ],
                    "weightHard": false,
                    "weightScale": [
                        1,
                        1,
                        1
                    ],
                    "mirrored": false,
                    "twinId": 0,
                    "pathable": false,
                    "flooded": false,
                    "mergeable": false,
                    "no_features": false
                },
                {
                    "proj": "BP_Bend",
                    "spec": "/pa/terrain/desert/brushes/desert_plateau_08.json",
                    "height": 682.14013671875,
                    "op": "BO_Add",
                    "position": [
                        -241.27899169921875,
                        450.1988525390625,
                        452.12896728515625
                    ],
                    "transform": [
                        0.8205549716949463,
                        0.4489760398864746,
                        -0.3537088930606842,
                        -241.27903747558594,
                        -0.12119758129119873,
                        0.741442859172821,
                        0.659980058670044,
                        450.1988830566406,
                        -0.558570146560669,
                        0.49868130683898926,
                        -0.6628094911575317,
                        -452.12896728515625
                    ],
                    "scale": [
                        1,
                        1,
                        1
                    ],
                    "rotation": -0.34999993443489075,
                    "weight": [
                        0,
                        0,
                        0,
                        0
                    ],
                    "weightHard": false,
                    "weightScale": [
                        1,
                        1,
                        1
                    ],
                    "mirrored": true,
                    "twinId": 0,
                    "pathable": false,
                    "flooded": false,
                    "mergeable": false,
                    "no_features": false
                },
                {
                    "proj": "BP_Bend",
                    "spec": "/pa/terrain/desert/brushes/desert_plateau_08.json",
                    "height": 682.9549560546875,
                    "op": "BO_Add",
                    "position": [
                        -292.15185546875,
                        562.4066162109375,
                        254.50665283203125
                    ],
                    "transform": [
                        0.8666872382164001,
                        0.25663354992866516,
                        -0.4277760982513428,
                        -292.15179443359375,
                        0.25663354992866516,
                        0.5059678554534912,
                        0.8234899044036865,
                        562.406494140625,
                        0.4277760982513428,
                        -0.8234899044036865,
                        0.37265515327453613,
                        254.50668334960938
                    ],
                    "scale": [
                        1,
                        1,
                        1
                    ],
                    "rotation": 0,
                    "weight": [
                        0,
                        0,
                        0,
                        0
                    ],
                    "weightHard": false,
                    "weightScale": [
                        1,
                        1,
                        1
                    ],
                    "mirrored": false,
                    "twinId": 0,
                    "pathable": false,
                    "flooded": false,
                    "mergeable": false,
                    "no_features": false
                },
                {
                    "proj": "BP_Bend",
                    "spec": "/pa/terrain/desert/brushes/desert_plateau_08.json",
                    "height": 682.9549560546875,
                    "op": "BO_Add",
                    "position": [
                        -292.15185546875,
                        562.4066162109375,
                        254.50665283203125
                    ],
                    "transform": [
                        0.8666872382164001,
                        0.25663354992866516,
                        -0.4277760982513428,
                        -292.15179443359375,
                        0.25663354992866516,
                        0.5059678554534912,
                        0.8234899044036865,
                        562.406494140625,
                        -0.4277760982513428,
                        0.8234899044036865,
                        -0.37265515327453613,
                        -254.50668334960938
                    ],
                    "scale": [
                        1,
                        1,
                        1
                    ],
                    "rotation": 0,
                    "weight": [
                        0,
                        0,
                        0,
                        0
                    ],
                    "weightHard": false,
                    "weightScale": [
                        1,
                        1,
                        1
                    ],
                    "mirrored": true,
                    "twinId": 0,
                    "pathable": false,
                    "flooded": false,
                    "mergeable": false,
                    "no_features": false
                },
                {
                    "proj": "BP_Bend",
                    "spec": "/pa/terrain/desert/brushes/desert_plateau_08.json",
                    "height": 681.888427734375,
                    "op": "BO_Add",
                    "position": [
                        355.1993408203125,
                        376.6260986328125,
                        443.799560546875
                    ],
                    "transform": [
                        0.21648642420768738,
                        0.8257064819335938,
                        0.5209053158760071,
                        355.1993103027344,
                        -0.8230030536651611,
                        -0.13266412913799286,
                        0.5523279905319214,
                        376.6260681152344,
                        0.5251662731170654,
                        -0.5482781529426575,
                        0.6508389711380005,
                        443.799560546875
                    ],
                    "scale": [
                        1,
                        1,
                        1
                    ],
                    "rotation": -1.5199989080429077,
                    "weight": [
                        0,
                        0,
                        0,
                        0
                    ],
                    "weightHard": false,
                    "weightScale": [
                        1,
                        1,
                        1
                    ],
                    "mirrored": false,
                    "twinId": 0,
                    "pathable": false,
                    "flooded": false,
                    "mergeable": false,
                    "no_features": false
                },
                {
                    "proj": "BP_Bend",
                    "spec": "/pa/terrain/desert/brushes/desert_plateau_08.json",
                    "height": 681.888427734375,
                    "op": "BO_Add",
                    "position": [
                        355.1993408203125,
                        376.6260986328125,
                        443.799560546875
                    ],
                    "transform": [
                        0.21648642420768738,
                        0.8257064819335938,
                        0.5209053158760071,
                        355.1993103027344,
                        -0.8230030536651611,
                        -0.13266412913799286,
                        0.5523279905319214,
                        376.6260681152344,
                        -0.5251662731170654,
                        0.5482781529426575,
                        -0.6508389711380005,
                        -443.799560546875
                    ],
                    "scale": [
                        1,
                        1,
                        1
                    ],
                    "rotation": -1.5199989080429077,
                    "weight": [
                        0,
                        0,
                        0,
                        0
                    ],
                    "weightHard": false,
                    "weightScale": [
                        1,
                        1,
                        1
                    ],
                    "mirrored": true,
                    "twinId": 0,
                    "pathable": false,
                    "flooded": false,
                    "mergeable": false,
                    "no_features": false
                },
                {
                    "proj": "BP_Bend",
                    "spec": "/pa/terrain/desert/brushes/desert_plateau_08.json",
                    "height": 682.3350219726562,
                    "op": "BO_Add",
                    "position": [
                        433.5487060546875,
                        465.1751708984375,
                        247.44415283203125
                    ],
                    "transform": [
                        0.37365013360977173,
                        0.6757701635360718,
                        0.6353898048400879,
                        433.5487060546875,
                        -0.6824276447296143,
                        -0.263671875,
                        0.6817401647567749,
                        465.1752014160156,
                        0.6282340884208679,
                        -0.6883398294448853,
                        0.3626432418823242,
                        247.44418334960938
                    ],
                    "scale": [
                        1,
                        1,
                        1
                    ],
                    "rotation": -1.4899989366531372,
                    "weight": [
                        0,
                        0,
                        0,
                        0
                    ],
                    "weightHard": false,
                    "weightScale": [
                        1,
                        1,
                        1
                    ],
                    "mirrored": false,
                    "twinId": 0,
                    "pathable": false,
                    "flooded": false,
                    "mergeable": false,
                    "no_features": false
                },
                {
                    "proj": "BP_Bend",
                    "spec": "/pa/terrain/desert/brushes/desert_plateau_08.json",
                    "height": 682.3350219726562,
                    "op": "BO_Add",
                    "position": [
                        433.5487060546875,
                        465.1751708984375,
                        247.44415283203125
                    ],
                    "transform": [
                        0.37365013360977173,
                        0.6757701635360718,
                        0.6353898048400879,
                        433.5487060546875,
                        -0.6824276447296143,
                        -0.263671875,
                        0.6817401647567749,
                        465.1752014160156,
                        -0.6282340884208679,
                        0.6883398294448853,
                        -0.3626432418823242,
                        -247.44418334960938
                    ],
                    "scale": [
                        1,
                        1,
                        1
                    ],
                    "rotation": -1.4899989366531372,
                    "weight": [
                        0,
                        0,
                        0,
                        0
                    ],
                    "weightHard": false,
                    "weightScale": [
                        1,
                        1,
                        1
                    ],
                    "mirrored": true,
                    "twinId": 0,
                    "pathable": false,
                    "flooded": false,
                    "mergeable": false,
                    "no_features": false
                },
                {
                    "proj": "BP_Bend",
                    "spec": "/pa/terrain/desert/brushes/desert_plateau_08.json",
                    "height": 685.0208740234375,
                    "op": "BO_Add",
                    "position": [
                        450.4739990234375,
                        -216.43426513671875,
                        468.49005126953125
                    ],
                    "transform": [
                        0.7532715201377869,
                        -0.011658996343612671,
                        0.657606303691864,
                        450.47406005859375,
                        0.28981003165245056,
                        0.9034289717674255,
                        -0.3159528374671936,
                        -216.43429565429688,
                        -0.5904169082641602,
                        0.428579181432724,
                        0.6839062571525574,
                        468.49005126953125
                    ],
                    "scale": [
                        1,
                        1,
                        1
                    ],
                    "rotation": 0.18000000715255737,
                    "weight": [
                        0,
                        0,
                        0,
                        0
                    ],
                    "weightHard": false,
                    "weightScale": [
                        1,
                        1,
                        1
                    ],
                    "mirrored": false,
                    "twinId": 0,
                    "pathable": false,
                    "flooded": false,
                    "mergeable": false,
                    "no_features": false
                },
                {
                    "proj": "BP_Bend",
                    "spec": "/pa/terrain/desert/brushes/desert_plateau_08.json",
                    "height": 685.0208740234375,
                    "op": "BO_Add",
                    "position": [
                        450.4739990234375,
                        -216.43426513671875,
                        468.49005126953125
                    ],
                    "transform": [
                        0.7532715201377869,
                        -0.011658996343612671,
                        0.657606303691864,
                        450.47406005859375,
                        0.28981003165245056,
                        0.9034289717674255,
                        -0.3159528374671936,
                        -216.43429565429688,
                        0.5904169082641602,
                        -0.428579181432724,
                        -0.6839062571525574,
                        -468.4900207519531
                    ],
                    "scale": [
                        1,
                        1,
                        1
                    ],
                    "rotation": 0.18000000715255737,
                    "weight": [
                        0,
                        0,
                        0,
                        0
                    ],
                    "weightHard": false,
                    "weightScale": [
                        1,
                        1,
                        1
                    ],
                    "mirrored": true,
                    "twinId": 0,
                    "pathable": false,
                    "flooded": false,
                    "mergeable": false,
                    "no_features": false
                },
                {
                    "proj": "BP_Bend",
                    "spec": "/pa/terrain/desert/brushes/desert_plateau_08.json",
                    "height": 684.7070922851562,
                    "op": "BO_Add",
                    "position": [
                        563.007080078125,
                        -285.58074951171875,
                        265.12353515625
                    ],
                    "transform": [
                        0.5454499125480652,
                        0.1623987853527069,
                        0.8222597241401672,
                        563.007080078125,
                        0.3834061622619629,
                        0.8240389227867126,
                        -0.41708454489707947,
                        -285.58074951171875,
                        -0.7453080415725708,
                        0.5427581667900085,
                        0.3872072696685791,
                        265.1235656738281
                    ],
                    "scale": [
                        1,
                        1,
                        1
                    ],
                    "rotation": 0.1599999964237213,
                    "weight": [
                        0,
                        0,
                        0,
                        0
                    ],
                    "weightHard": false,
                    "weightScale": [
                        1,
                        1,
                        1
                    ],
                    "mirrored": false,
                    "twinId": 0,
                    "pathable": false,
                    "flooded": false,
                    "mergeable": false,
                    "no_features": false
                },
                {
                    "proj": "BP_Bend",
                    "spec": "/pa/terrain/desert/brushes/desert_plateau_08.json",
                    "height": 684.7070922851562,
                    "op": "BO_Add",
                    "position": [
                        563.007080078125,
                        -285.58074951171875,
                        265.12353515625
                    ],
                    "transform": [
                        0.5454499125480652,
                        0.1623987853527069,
                        0.8222597241401672,
                        563.007080078125,
                        0.3834061622619629,
                        0.8240389227867126,
                        -0.41708454489707947,
                        -285.58074951171875,
                        0.7453080415725708,
                        -0.5427581667900085,
                        -0.3872072696685791,
                        -265.1235656738281
                    ],
                    "scale": [
                        1,
                        1,
                        1
                    ],
                    "rotation": 0.1599999964237213,
                    "weight": [
                        0,
                        0,
                        0,
                        0
                    ],
                    "weightHard": false,
                    "weightScale": [
                        1,
                        1,
                        1
                    ],
                    "mirrored": true,
                    "twinId": 0,
                    "pathable": false,
                    "flooded": false,
                    "mergeable": false,
                    "no_features": false
                },
                {
                    "proj": "BP_Bend",
                    "spec": "/pa/terrain/desert/brushes/desert_plateau_08.json",
                    "height": 685.25146484375,
                    "op": "BO_Add",
                    "position": [
                        -87.88648986816406,
                        -497.81005859375,
                        462.634521484375
                    ],
                    "transform": [
                        0.6056298017501831,
                        0.785342812538147,
                        -0.12825438380241394,
                        -87.88650512695312,
                        -0.5964481830596924,
                        0.34132182598114014,
                        -0.7264633774757385,
                        -497.8100891113281,
                        -0.5267468094825745,
                        0.5164649486541748,
                        0.6751309633255005,
                        462.6344909667969
                    ],
                    "scale": [
                        1,
                        1,
                        1
                    ],
                    "rotation": -0.969999372959137,
                    "weight": [
                        0,
                        0,
                        0,
                        0
                    ],
                    "weightHard": false,
                    "weightScale": [
                        1,
                        1,
                        1
                    ],
                    "mirrored": false,
                    "twinId": 0,
                    "pathable": false,
                    "flooded": false,
                    "mergeable": false,
                    "no_features": false
                },
                {
                    "proj": "BP_Bend",
                    "spec": "/pa/terrain/desert/brushes/desert_plateau_08.json",
                    "height": 685.25146484375,
                    "op": "BO_Add",
                    "position": [
                        -87.88648986816406,
                        -497.81005859375,
                        462.634521484375
                    ],
                    "transform": [
                        0.6056298017501831,
                        0.785342812538147,
                        -0.12825438380241394,
                        -87.88650512695312,
                        -0.5964481830596924,
                        0.34132182598114014,
                        -0.7264633774757385,
                        -497.8100891113281,
                        0.5267468094825745,
                        -0.5164649486541748,
                        -0.6751309633255005,
                        -462.6344909667969
                    ],
                    "scale": [
                        1,
                        1,
                        1
                    ],
                    "rotation": -0.969999372959137,
                    "weight": [
                        0,
                        0,
                        0,
                        0
                    ],
                    "weightHard": false,
                    "weightScale": [
                        1,
                        1,
                        1
                    ],
                    "mirrored": true,
                    "twinId": 0,
                    "pathable": false,
                    "flooded": false,
                    "mergeable": false,
                    "no_features": false
                },
                {
                    "proj": "BP_Bend",
                    "spec": "/pa/terrain/desert/brushes/desert_plateau_08.json",
                    "height": 684.1754760742188,
                    "op": "BO_Add",
                    "position": [
                        -118.70816040039062,
                        -617.2322998046875,
                        270.23828125
                    ],
                    "transform": [
                        0.7366142272949219,
                        0.653678297996521,
                        -0.17350541055202484,
                        -118.70814514160156,
                        -0.38508641719818115,
                        0.19448614120483398,
                        -0.9021548628807068,
                        -617.2322387695312,
                        -0.5559746026992798,
                        0.7313547134399414,
                        0.3949838876724243,
                        270.23828125
                    ],
                    "scale": [
                        1,
                        1,
                        1
                    ],
                    "rotation": -0.8399994969367981,
                    "weight": [
                        0,
                        0,
                        0,
                        0
                    ],
                    "weightHard": false,
                    "weightScale": [
                        1,
                        1,
                        1
                    ],
                    "mirrored": false,
                    "twinId": 0,
                    "pathable": false,
                    "flooded": false,
                    "mergeable": false,
                    "no_features": false
                },
                {
                    "proj": "BP_Bend",
                    "spec": "/pa/terrain/desert/brushes/desert_plateau_08.json",
                    "height": 684.1754760742188,
                    "op": "BO_Add",
                    "position": [
                        -118.70816040039062,
                        -617.2322998046875,
                        270.23828125
                    ],
                    "transform": [
                        0.7366142272949219,
                        0.653678297996521,
                        -0.17350541055202484,
                        -118.70814514160156,
                        -0.38508641719818115,
                        0.19448614120483398,
                        -0.9021548628807068,
                        -617.2322387695312,
                        0.5559746026992798,
                        -0.7313547134399414,
                        -0.3949838876724243,
                        -270.23828125
                    ],
                    "scale": [
                        1,
                        1,
                        1
                    ],
                    "rotation": -0.8399994969367981,
                    "weight": [
                        0,
                        0,
                        0,
                        0
                    ],
                    "weightHard": false,
                    "weightScale": [
                        1,
                        1,
                        1
                    ],
                    "mirrored": true,
                    "twinId": 0,
                    "pathable": false,
                    "flooded": false,
                    "mergeable": false,
                    "no_features": false
                },
                {
                    "proj": "BP_Bend",
                    "spec": "/pa/terrain/desert/brushes/desert_plateau_08.json",
                    "height": 686.4146118164062,
                    "op": "BO_Add",
                    "position": [
                        -505.2784423828125,
                        -80.66229248046875,
                        457.55035400390625
                    ],
                    "transform": [
                        -0.41629868745803833,
                        0.5336981415748596,
                        -0.7361125349998474,
                        -505.2784118652344,
                        -0.6979153752326965,
                        -0.7064736485481262,
                        -0.11751249432563782,
                        -80.66229248046875,
                        -0.5827602744102478,
                        0.46482396125793457,
                        0.6665802001953125,
                        457.5503845214844
                    ],
                    "scale": [
                        1,
                        1,
                        1
                    ],
                    "rotation": -2.3099982738494873,
                    "weight": [
                        0,
                        0,
                        0,
                        0
                    ],
                    "weightHard": false,
                    "weightScale": [
                        1,
                        1,
                        1
                    ],
                    "mirrored": false,
                    "twinId": 0,
                    "pathable": false,
                    "flooded": false,
                    "mergeable": false,
                    "no_features": false
                },
                {
                    "proj": "BP_Bend",
                    "spec": "/pa/terrain/desert/brushes/desert_plateau_08.json",
                    "height": 686.4146118164062,
                    "op": "BO_Add",
                    "position": [
                        -505.2784423828125,
                        -80.66229248046875,
                        457.55035400390625
                    ],
                    "transform": [
                        -0.41629868745803833,
                        0.5336981415748596,
                        -0.7361125349998474,
                        -505.2784118652344,
                        -0.6979153752326965,
                        -0.7064736485481262,
                        -0.11751249432563782,
                        -80.66229248046875,
                        0.5827602744102478,
                        -0.46482396125793457,
                        -0.6665802001953125,
                        -457.5503845214844
                    ],
                    "scale": [
                        1,
                        1,
                        1
                    ],
                    "rotation": -2.3099982738494873,
                    "weight": [
                        0,
                        0,
                        0,
                        0
                    ],
                    "weightHard": false,
                    "weightScale": [
                        1,
                        1,
                        1
                    ],
                    "mirrored": true,
                    "twinId": 0,
                    "pathable": false,
                    "flooded": false,
                    "mergeable": false,
                    "no_features": false
                },
                {
                    "proj": "BP_Bend",
                    "spec": "/pa/terrain/desert/brushes/desert_plateau_08.json",
                    "height": 686.468994140625,
                    "op": "BO_Add",
                    "position": [
                        -624.995849609375,
                        -92.50054931640625,
                        268.44647216796875
                    ],
                    "transform": [
                        -0.1512388288974762,
                        0.38497698307037354,
                        -0.9104501008987427,
                        -624.9957885742188,
                        -0.771523654460907,
                        -0.621766984462738,
                        -0.13474830985069275,
                        -92.50053405761719,
                        -0.6179628372192383,
                        0.6820546388626099,
                        0.3910541534423828,
                        268.4465637207031
                    ],
                    "scale": [
                        1,
                        1,
                        1
                    ],
                    "rotation": -2.1599984169006348,
                    "weight": [
                        0,
                        0,
                        0,
                        0
                    ],
                    "weightHard": false,
                    "weightScale": [
                        1,
                        1,
                        1
                    ],
                    "mirrored": false,
                    "twinId": 0,
                    "pathable": false,
                    "flooded": false,
                    "mergeable": false,
                    "no_features": false
                },
                {
                    "proj": "BP_Bend",
                    "spec": "/pa/terrain/desert/brushes/desert_plateau_08.json",
                    "height": 686.468994140625,
                    "op": "BO_Add",
                    "position": [
                        -624.995849609375,
                        -92.50054931640625,
                        268.44647216796875
                    ],
                    "transform": [
                        -0.1512388288974762,
                        0.38497698307037354,
                        -0.9104501008987427,
                        -624.9957885742188,
                        -0.771523654460907,
                        -0.621766984462738,
                        -0.13474830985069275,
                        -92.50053405761719,
                        0.6179628372192383,
                        -0.6820546388626099,
                        -0.3910541534423828,
                        -268.4465637207031
                    ],
                    "scale": [
                        1,
                        1,
                        1
                    ],
                    "rotation": -2.1599984169006348,
                    "weight": [
                        0,
                        0,
                        0,
                        0
                    ],
                    "weightHard": false,
                    "weightScale": [
                        1,
                        1,
                        1
                    ],
                    "mirrored": true,
                    "twinId": 0,
                    "pathable": false,
                    "flooded": false,
                    "mergeable": false,
                    "no_features": false
                },
                {
                    "proj": "BP_Bend",
                    "spec": "/pa/terrain/desert/brushes/desert_plateau_10.json",
                    "height": 685.2982788085938,
                    "op": "BO_Add",
                    "position": [
                        -208.953369140625,
                        -199.81185913085938,
                        621.3271484375
                    ],
                    "transform": [
                        0.9512395262718201,
                        -0.046627264469861984,
                        -0.3049086630344391,
                        -208.95338439941406,
                        -0.046627264469861984,
                        0.9554126262664795,
                        -0.29156920313835144,
                        -199.81187438964844,
                        0.3049086630344391,
                        0.29156920313835144,
                        0.9066521525382996,
                        621.3271484375
                    ],
                    "scale": [
                        1,
                        1,
                        1
                    ],
                    "rotation": 0,
                    "weight": [
                        0,
                        0,
                        0,
                        0
                    ],
                    "weightHard": false,
                    "weightScale": [
                        1,
                        1,
                        1
                    ],
                    "mirrored": false,
                    "twinId": 0,
                    "pathable": false,
                    "flooded": false,
                    "mergeable": false,
                    "no_features": false
                },
                {
                    "proj": "BP_Bend",
                    "spec": "/pa/terrain/desert/brushes/desert_plateau_10.json",
                    "height": 685.2982788085938,
                    "op": "BO_Add",
                    "position": [
                        -208.953369140625,
                        -199.81185913085938,
                        621.3271484375
                    ],
                    "transform": [
                        0.9512395262718201,
                        -0.046627264469861984,
                        -0.3049086630344391,
                        -208.95338439941406,
                        -0.046627264469861984,
                        0.9554126262664795,
                        -0.29156920313835144,
                        -199.81187438964844,
                        -0.3049086630344391,
                        -0.29156920313835144,
                        -0.9066521525382996,
                        -621.3271484375
                    ],
                    "scale": [
                        1,
                        1,
                        1
                    ],
                    "rotation": 0,
                    "weight": [
                        0,
                        0,
                        0,
                        0
                    ],
                    "weightHard": false,
                    "weightScale": [
