{
    "name": "Shiny Land 4P System V2",
    "description": "(4 Player FFA or 2 vs 2).Start and fight around big lake in middle of the planet.",
    "creator": "GreatBalancer",
    "version": "1.0",
    "planets": [
        {
            "name": "Brightly Land",
            "mass": 10000,
            "position_x": 32800,
            "position_y": -800,
            "velocity_x": 3.0100226402282715,
            "velocity_y": 123.41114044189453,
            "required_thrust_to_move": 0,
            "starting_planet": true,
            "respawn": false,
            "start_destroyed": false,
            "min_spawn_delay": 0,
            "max_spawn_delay": 0,
            "planet": {
                "seed": 1893771264,
                "radius": 650,
                "heightRange": 35,
                "waterHeight": 43,
                "waterDepth": 100,
                "temperature": 59.999996185302734,
                "metalDensity": 0,
                "metalClusters": 100,
                "metalSpotLimit": -1,
                "biomeScale": 75.00000006869588,
                "biome": "tropical",
                "symmetryType": "terrain and CSG",
                "symmetricalMetal": true,
                "symmetricalStarts": false,
                "numArmies": 2,
                "landingZonesPerArmy": 0,
                "landingZoneSize": 0,
                "heightAdjustments": []
            },
            "planetCSG": [
                {
                    "spec": "/pa/terrain/desert/brushes/desert_plateau_01.json",
                    "proj": "BP_Bend",
                    "op": "BO_Add",
                    "position": [
                        -474.10003662109375,
                        -438.4277648925781,
                        62.07637405395508
                    ],
                    "height": 648.724365234375,
                    "transform": [
                        0.06783485412597656,
                        -0.5823798179626465,
                        -0.6277610659599304,
                        -474.10009765625,
                        0.04769998788833618,
                        0.6313199996948242,
                        -0.5805270075798035,
                        -438.4277648925781,
                        0.8549706935882568,
                        0.010984838008880615,
                        0.08219609409570694,
                        62.07644271850586
                    ],
                    "scale": [
                        0.8589829802513123,
                        0.8589829802513123,
                        0.8589829802513123
                    ],
                    "rotation": 0.7334787845611572,
                    "weight": [
                        1,
                        1,
                        1,
                        1
                    ],
                    "weightHard": false,
                    "weightScale": [
                        1,
                        1,
                        1
                    ],
                    "mirrored": false,
                    "twinId": 0,
                    "flooded": false,
                    "pathable": false,
                    "mergeable": false,
                    "no_features": false
                },
                {
                    "spec": "/pa/terrain/desert/brushes/desert_plateau_01.json",
                    "proj": "BP_Bend",
                    "op": "BO_Add",
                    "position": [
                        -241.26687622070312,
                        600.1342163085938,
                        24.20151710510254
                    ],
                    "height": 647.2685546875,
                    "transform": [
                        -1.1103712320327759,
                        -0.11439138650894165,
                        -0.4483913481235504,
                        -241.26690673828125,
                        -0.44070112705230713,
                        -0.09412931650876999,
                        1.1153415441513062,
                        600.13427734375,
                        -0.14114773273468018,
                        1.1937835216522217,
                        0.04497820511460304,
                        24.201520919799805
                    ],
                    "scale": [
                        1.2029399871826172,
                        1.2029399871826172,
                        1.2029399871826172
                    ],
                    "rotation": 3.406151294708252,
                    "weight": [
                        1,
                        1,
                        1,
                        1
                    ],
                    "weightHard": false,
                    "weightScale": [
                        1,
                        1,
                        1
                    ],
                    "mirrored": false,
                    "twinId": 0,
                    "flooded": false,
                    "pathable": false,
                    "mergeable": false,
                    "no_features": false
                },
                {
                    "spec": "/pa/terrain/desert/brushes/desert_plateau_01.json",
                    "proj": "BP_Bend",
                    "op": "BO_Add",
                    "position": [
                        -474.10003662109375,
                        -438.4277648925781,
                        62.07637405395508
                    ],
                    "height": 648.724365234375,
                    "transform": [
                        0.06783485412597656,
                        -0.5823798179626465,
                        -0.6277610659599304,
                        -474.10009765625,
                        0.04769998788833618,
                        0.6313199996948242,
                        -0.5805270075798035,
                        -438.427734375,
                        -0.8549706935882568,
                        -0.010984838008880615,
                        -0.08219609409570694,
                        -62.07644271850586
                    ],
                    "scale": [
                        0.8589829802513123,
                        0.8589829802513123,
                        0.8589829802513123
                    ],
                    "rotation": 0.7334787845611572,
                    "weight": [
                        1,
                        1,
                        1,
                        1
                    ],
                    "weightHard": false,
                    "weightScale": [
                        1,
                        1,
                        1
                    ],
                    "mirrored": true,
                    "twinId": 0,
                    "flooded": false,
                    "pathable": false,
                    "mergeable": false,
                    "no_features": false
                },
                {
                    "spec": "/pa/terrain/desert/brushes/desert_metal_t2_medium_wide_ramp.json",
                    "proj": "BP_Bend",
                    "op": "BO_Add",
                    "position": [
                        -282.67755126953125,
                        -210.93896484375,
                        554.88330078125
                    ],
                    "height": 657.4932250976562,
                    "transform": [
                        0.5801534652709961,
                        -0.6917948722839355,
                        -0.4299323260784149,
                        -282.6775817871094,
                        0.6180517077445984,
                        0.7176939845085144,
                        -0.320823073387146,
                        -210.93899536132812,
                        0.5305036306381226,
                        -0.07959379255771637,
                        0.8439376354217529,
                        554.88330078125
                    ],
                    "scale": [
                        1,
                        1,
                        1
                    ],
                    "rotation": 0.7899995446205139,
                    "weight": [
                        0,
                        0,
                        0,
                        0
                    ],
                    "weightHard": false,
                    "weightScale": [
                        1,
                        1,
                        1
                    ],
                    "mirrored": false,
                    "twinId": 0,
                    "flooded": false,
                    "pathable": true,
                    "mergeable": false,
                    "no_features": true
                },
                {
                    "spec": "/pa/terrain/desert/brushes/desert_metal_t2_medium_wide_ramp.json",
                    "proj": "BP_Bend",
                    "op": "BO_Add",
                    "position": [
                        -282.67755126953125,
                        -210.93896484375,
                        554.88330078125
                    ],
                    "height": 657.4932250976562,
                    "transform": [
                        0.5801534652709961,
                        -0.6917948722839355,
                        -0.4299323260784149,
                        -282.6775817871094,
                        0.6180517077445984,
                        0.7176939845085144,
                        -0.320823073387146,
                        -210.93899536132812,
                        -0.5305036306381226,
                        0.07959379255771637,
                        -0.8439376354217529,
                        -554.88330078125
                    ],
                    "scale": [
                        1,
                        1,
                        1
                    ],
                    "rotation": 0.7899995446205139,
                    "weight": [
                        0,
                        0,
                        0,
                        0
                    ],
                    "weightHard": false,
                    "weightScale": [
                        1,
                        1,
                        1
                    ],
                    "mirrored": true,
                    "twinId": 0,
                    "flooded": false,
                    "pathable": true,
                    "mergeable": false,
                    "no_features": true
                },
                {
                    "spec": "/pa/terrain/desert/brushes/desert_plateau_12.json",
                    "proj": "BP_Bend",
                    "op": "BO_Add",
                    "position": [
                        -66.84130859375,
                        645.295166015625,
                        -36.6341552734375
                    ],
                    "height": 649.78125,
                    "transform": [
                        0.9887860417366028,
                        0.1082608625292778,
                        -0.10286740213632584,
                        -66.84130859375,
                        0.1082608625292778,
                        -0.045165300369262695,
                        0.9930960536003113,
                        645.295166015625,
                        0.10286740213632584,
                        -0.9930960536003113,
                        -0.05637919902801514,
                        -36.63414764404297
                    ],
                    "scale": [
                        1,
                        1,
                        1
                    ],
                    "rotation": 0,
                    "weight": [
                        0,
                        0,
                        0,
                        0
                    ],
                    "weightHard": false,
                    "weightScale": [
                        1,
                        1,
                        1
                    ],
                    "mirrored": false,
                    "twinId": 0,
                    "flooded": false,
                    "pathable": true,
                    "mergeable": false,
                    "no_features": false
                },
                {
                    "spec": "/pa/terrain/desert/brushes/desert_plateau_12.json",
                    "proj": "BP_Bend",
                    "op": "BO_Add",
                    "position": [
                        -66.84130859375,
                        645.295166015625,
                        -36.6341552734375
                    ],
                    "height": 649.78125,
                    "transform": [
                        0.9887860417366028,
                        0.1082608625292778,
                        -0.10286740213632584,
                        -66.84130859375,
                        0.1082608625292778,
                        -0.045165300369262695,
                        0.9930960536003113,
                        645.295166015625,
                        -0.10286740213632584,
                        0.9930960536003113,
                        0.05637919902801514,
                        36.63414764404297
                    ],
                    "scale": [
                        1,
                        1,
                        1
                    ],
                    "rotation": 0,
                    "weight": [
                        0,
                        0,
                        0,
                        0
                    ],
                    "weightHard": false,
                    "weightScale": [
                        1,
                        1,
                        1
                    ],
                    "mirrored": true,
                    "twinId": 0,
                    "flooded": false,
                    "pathable": true,
                    "mergeable": false,
                    "no_features": false
                },
                {
                    "spec": "/pa/terrain/desert/brushes/desert_plateau_11.json",
                    "proj": "BP_Bend",
                    "op": "BO_Add",
                    "position": [
                        -171.45086669921875,
                        620.9412841796875,
                        -66.1121826171875
                    ],
                    "height": 647.560302734375,
                    "transform": [
                        0.9219292402267456,
                        0.28274771571159363,
                        -0.2647643983364105,
                        -171.45091247558594,
                        0.28274771571159363,
                        -0.02402341365814209,
                        0.9588934779167175,
                        620.9413452148438,
                        0.2647643983364105,
                        -0.9588934779167175,
                        -0.10209417343139648,
                        -66.11213684082031
                    ],
                    "scale": [
                        1,
                        1,
                        1
                    ],
                    "rotation": 0,
                    "weight": [
                        0,
                        0,
                        0,
                        0
                    ],
                    "weightHard": false,
                    "weightScale": [
                        1,
                        1,
                        1
                    ],
                    "mirrored": false,
                    "twinId": 0,
                    "flooded": false,
                    "pathable": false,
                    "mergeable": false,
                    "no_features": false
                },
                {
                    "spec": "/pa/terrain/desert/brushes/desert_plateau_11.json",
                    "proj": "BP_Bend",
                    "op": "BO_Add",
                    "position": [
                        -171.45086669921875,
                        620.9412841796875,
                        -66.1121826171875
                    ],
                    "height": 647.560302734375,
                    "transform": [
                        0.9219292402267456,
                        0.28274771571159363,
                        -0.2647643983364105,
                        -171.45091247558594,
                        0.28274771571159363,
                        -0.02402341365814209,
                        0.9588934779167175,
                        620.9413452148438,
                        -0.2647643983364105,
                        0.9588934779167175,
                        0.10209417343139648,
                        66.11213684082031
                    ],
                    "scale": [
                        1,
                        1,
                        1
                    ],
                    "rotation": 0,
                    "weight": [
                        0,
                        0,
                        0,
                        0
                    ],
                    "weightHard": false,
                    "weightScale": [
                        1,
                        1,
                        1
                    ],
                    "mirrored": true,
                    "twinId": 0,
                    "flooded": false,
                    "pathable": false,
                    "mergeable": false,
                    "no_features": false
                },
                {
                    "spec": "/pa/terrain/desert/brushes/desert_plateau_11.json",
                    "proj": "BP_Bend",
                    "op": "BO_Add",
                    "position": [
                        -231.2686767578125,
                        603.2762451171875,
                        -43.3359375
                    ],
                    "height": 647.5379638671875,
                    "transform": [
                        0.8632944226264954,
                        0.3566034734249115,
                        -0.35715073347091675,
                        -231.26866149902344,
                        0.3566034734249115,
                        0.06978148221969604,
                        0.9316460490226746,
                        603.2761840820312,
                        0.35715073347091675,
                        -0.9316460490226746,
                        -0.0669240951538086,
                        -43.33589172363281
                    ],
                    "scale": [
                        1,
                        1,
                        1
                    ],
                    "rotation": 0,
                    "weight": [
                        0,
                        0,
                        0,
                        0
                    ],
                    "weightHard": false,
                    "weightScale": [
                        1,
                        1,
                        1
                    ],
                    "mirrored": false,
                    "twinId": 0,
                    "flooded": false,
                    "pathable": false,
                    "mergeable": false,
                    "no_features": false
                },
                {
                    "spec": "/pa/terrain/desert/brushes/desert_plateau_11.json",
                    "proj": "BP_Bend",
                    "op": "BO_Add",
                    "position": [
                        -231.2686767578125,
                        603.2762451171875,
                        -43.3359375
                    ],
                    "height": 647.5379638671875,
                    "transform": [
                        0.8632944226264954,
                        0.3566034734249115,
                        -0.35715073347091675,
                        -231.2686767578125,
                        0.3566034734249115,
                        0.06978148221969604,
                        0.9316460490226746,
                        603.2761840820312,
                        -0.35715073347091675,
                        0.9316460490226746,
                        0.0669240951538086,
                        43.33589172363281
                    ],
                    "scale": [
                        1,
                        1,
                        1
                    ],
                    "rotation": 0,
                    "weight": [
                        0,
                        0,
                        0,
                        0
                    ],
                    "weightHard": false,
                    "weightScale": [
                        1,
                        1,
                        1
                    ],
                    "mirrored": true,
                    "twinId": 0,
                    "flooded": false,
                    "pathable": false,
                    "mergeable": false,
                    "no_features": false
                },
                {
                    "spec": "/pa/terrain/desert/brushes/desert_plateau_08.json",
                    "proj": "BP_Bend",
                    "op": "BO_Add",
                    "position": [
                        -389.9065856933594,
                        513.5218505859375,
                        -15.9794921875
                    ],
                    "height": 644.9706420898438,
                    "transform": [
                        0.6252542734146118,
                        0.49355438351631165,
                        -0.604533851146698,
                        -389.9065856933594,
                        0.49355438351631165,
                        0.3499700427055359,
                        0.7961941361427307,
                        513.5218505859375,
                        0.604533851146698,
                        -0.7961941361427307,
                        -0.02477562427520752,
                        -15.9795503616333
                    ],
                    "scale": [
                        1,
                        1,
                        1
                    ],
                    "rotation": 0,
                    "weight": [
                        0,
                        0,
                        0,
                        0
                    ],
                    "weightHard": false,
                    "weightScale": [
                        1,
                        1,
                        1
                    ],
                    "mirrored": false,
                    "twinId": 0,
                    "flooded": false,
                    "pathable": false,
                    "mergeable": false,
                    "no_features": false
                },
                {
                    "spec": "/pa/terrain/desert/brushes/desert_plateau_08.json",
                    "proj": "BP_Bend",
                    "op": "BO_Add",
                    "position": [
                        -389.9065856933594,
                        513.5218505859375,
                        -15.9794921875
                    ],
                    "height": 644.9706420898438,
                    "transform": [
                        0.6252542734146118,
                        0.49355438351631165,
                        -0.604533851146698,
                        -389.9065856933594,
                        0.49355438351631165,
                        0.3499700427055359,
                        0.7961941361427307,
                        513.5218505859375,
                        -0.604533851146698,
                        0.7961941361427307,
                        0.02477562427520752,
                        15.9795503616333
                    ],
                    "scale": [
                        1,
                        1,
                        1
                    ],
                    "rotation": 0,
                    "weight": [
                        0,
                        0,
                        0,
                        0
                    ],
                    "weightHard": false,
                    "weightScale": [
                        1,
                        1,
                        1
                    ],
                    "mirrored": true,
                    "twinId": 0,
                    "flooded": false,
                    "pathable": false,
                    "mergeable": false,
                    "no_features": false
                },
                {
                    "spec": "/pa/terrain/desert/brushes/desert_plateau_12.json",
                    "proj": "BP_Bend",
                    "op": "BO_Add",
                    "position": [
                        -322.61102294921875,
                        560.3349609375,
                        -25.80743408203125
                    ],
                    "height": 647.0851440429688,
                    "transform": [
                        0.741112470626831,
                        0.4496552050113678,
                        -0.4985603094100952,
                        -322.6109619140625,
                        0.4496552050113678,
                        0.21900522708892822,
                        0.865936815738678,
                        560.3348388671875,
                        0.4985603094100952,
                        -0.865936815738678,
                        -0.03988230228424072,
                        -25.8072452545166
                    ],
                    "scale": [
                        1,
                        1,
                        1
                    ],
                    "rotation": 0,
                    "weight": [
                        0,
                        0,
                        0,
                        0
                    ],
                    "weightHard": false,
                    "weightScale": [
                        1,
                        1,
                        1
                    ],
                    "mirrored": false,
                    "twinId": 0,
                    "flooded": false,
                    "pathable": true,
                    "mergeable": false,
                    "no_features": false
                },
                {
                    "spec": "/pa/terrain/desert/brushes/desert_plateau_12.json",
                    "proj": "BP_Bend",
                    "op": "BO_Add",
                    "position": [
                        -322.61102294921875,
                        560.3349609375,
                        -25.80743408203125
                    ],
                    "height": 647.0851440429688,
                    "transform": [
                        0.741112470626831,
                        0.4496552050113678,
                        -0.4985603094100952,
                        -322.6109619140625,
                        0.4496552050113678,
                        0.21900522708892822,
                        0.865936815738678,
                        560.3348388671875,
                        -0.4985603094100952,
                        0.865936815738678,
                        0.03988230228424072,
                        25.8072452545166
                    ],
                    "scale": [
                        1,
                        1,
                        1
                    ],
                    "rotation": 0,
                    "weight": [
                        0,
                        0,
                        0,
                        0
                    ],
                    "weightHard": false,
                    "weightScale": [
                        1,
                        1,
                        1
                    ],
                    "mirrored": true,
                    "twinId": 0,
                    "flooded": false,
                    "pathable": true,
                    "mergeable": false,
                    "no_features": false
                },
                {
                    "spec": "/pa/terrain/desert/brushes/desert_plateau_12.json",
                    "proj": "BP_Bend",
                    "op": "BO_Add",
                    "position": [
                        -274.43231201171875,
                        582.89794921875,
                        -69.85223388671875
                    ],
                    "height": 648.0451049804688,
                    "transform": [
                        0.7990016937255859,
                        0.4269231855869293,
                        -0.4234771430492401,
                        -274.4322814941406,
                        0.4269231855869293,
                        0.09320938587188721,
                        0.8994711637496948,
                        582.8978881835938,
                        0.4234771430492401,
                        -0.8994711637496948,
                        -0.10778892040252686,
                        -69.85208129882812
                    ],
                    "scale": [
                        1,
                        1,
                        1
                    ],
                    "rotation": 0,
                    "weight": [
                        0,
                        0,
                        0,
                        0
                    ],
                    "weightHard": false,
                    "weightScale": [
                        1,
                        1,
                        1
                    ],
                    "mirrored": false,
                    "twinId": 0,
                    "flooded": false,
                    "pathable": true,
                    "mergeable": false,
                    "no_features": false
                },
                {
                    "spec": "/pa/terrain/desert/brushes/desert_plateau_12.json",
                    "proj": "BP_Bend",
                    "op": "BO_Add",
                    "position": [
                        -274.43231201171875,
                        582.89794921875,
                        -69.85223388671875
                    ],
                    "height": 648.0451049804688,
                    "transform": [
                        0.7990016937255859,
                        0.4269231855869293,
                        -0.4234771430492401,
                        -274.4322814941406,
                        0.4269231855869293,
                        0.09320938587188721,
                        0.8994711637496948,
                        582.8978881835938,
                        -0.4234771430492401,
                        0.8994711637496948,
                        0.10778892040252686,
                        69.85208129882812
                    ],
                    "scale": [
                        1,
                        1,
                        1
                    ],
                    "rotation": 0,
                    "weight": [
                        0,
                        0,
                        0,
                        0
                    ],
                    "weightHard": false,
                    "weightScale": [
                        1,
                        1,
                        1
                    ],
                    "mirrored": true,
                    "twinId": 0,
                    "flooded": false,
                    "pathable": true,
                    "mergeable": false,
                    "no_features": false
                },
                {
                    "spec": "/pa/terrain/desert/brushes/desert_plateau_10.json",
                    "proj": "BP_Bend",
                    "op": "BO_Add",
                    "position": [
                        -114.14447021484375,
                        629.290771484375,
                        -97.73043823242188
                    ],
                    "height": 646.9830932617188,
                    "transform": [
                        0.9633355736732483,
                        0.2021348625421524,
                        -0.1764257699251175,
                        -114.14449310302734,
                        0.2021348625421524,
                        -0.11439120769500732,
                        0.9726542830467224,
                        629.2908935546875,
                        0.1764257699251175,
                        -0.9726542830467224,
                        -0.15105557441711426,
                        -97.73040008544922
                    ],
                    "scale": [
                        1,
                        1,
                        1
                    ],
                    "rotation": 0,
                    "weight": [
                        0,
                        0,
                        0,
                        0
                    ],
                    "weightHard": false,
                    "weightScale": [
                        1,
                        1,
                        1
                    ],
                    "mirrored": false,
                    "twinId": 0,
                    "flooded": false,
                    "pathable": false,
                    "mergeable": false,
                    "no_features": false
                },
                {
                    "spec": "/pa/terrain/desert/brushes/desert_plateau_10.json",
                    "proj": "BP_Bend",
                    "op": "BO_Add",
                    "position": [
                        -114.14447021484375,
                        629.290771484375,
                        -97.73043823242188
                    ],
                    "height": 646.9830932617188,
                    "transform": [
                        0.9633355736732483,
                        0.2021348625421524,
                        -0.1764257699251175,
                        -114.14449310302734,
                        0.2021348625421524,
                        -0.11439120769500732,
                        0.9726542830467224,
                        629.2908935546875,
                        -0.1764257699251175,
                        0.9726542830467224,
                        0.15105557441711426,
                        97.73040008544922
                    ],
                    "scale": [
                        1,
                        1,
                        1
                    ],
                    "rotation": 0,
                    "weight": [
                        0,
                        0,
                        0,
                        0
                    ],
                    "weightHard": false,
                    "weightScale": [
                        1,
                        1,
                        1
                    ],
                    "mirrored": true,
                    "twinId": 0,
                    "flooded": false,
                    "pathable": false,
                    "mergeable": false,
                    "no_features": false
                },
                {
                    "spec": "/pa/terrain/desert/brushes/desert_plateau_10.json",
                    "proj": "BP_Bend",
                    "op": "BO_Add",
                    "position": [
                        -213.44757080078125,
                        600.843017578125,
                        -101.24697875976562
                    ],
                    "height": 645.618408203125,
                    "transform": [
                        0.8703683018684387,
                        0.36490604281425476,
                        -0.3306095004081726,
                        -213.4475860595703,
                        0.36490604281425476,
                        -0.027190208435058594,
                        0.9306473135948181,
                        600.843017578125,
                        0.3306095004081726,
                        -0.9306473135948181,
                        -0.15682196617126465,
                        -101.24714660644531
                    ],
                    "scale": [
                        1,
                        1,
                        1
                    ],
                    "rotation": 0,
                    "weight": [
                        0,
                        0,
                        0,
                        0
                    ],
                    "weightHard": false,
                    "weightScale": [
                        1,
                        1,
                        1
                    ],
                    "mirrored": false,
                    "twinId": 0,
                    "flooded": false,
                    "pathable": false,
                    "mergeable": false,
                    "no_features": false
                },
                {
                    "spec": "/pa/terrain/desert/brushes/desert_plateau_10.json",
                    "proj": "BP_Bend",
                    "op": "BO_Add",
                    "position": [
                        -213.44757080078125,
                        600.843017578125,
                        -101.24697875976562
                    ],
                    "height": 645.618408203125,
                    "transform": [
                        0.8703683018684387,
                        0.36490604281425476,
                        -0.3306095004081726,
                        -213.4475860595703,
                        0.36490604281425476,
                        -0.027190208435058594,
                        0.9306473135948181,
                        600.843017578125,
                        -0.3306095004081726,
                        0.9306473135948181,
                        0.15682196617126465,
                        101.24714660644531
                    ],
                    "scale": [
                        1,
                        1,
                        1
                    ],
                    "rotation": 0,
                    "weight": [
                        0,
                        0,
                        0,
                        0
                    ],
                    "weightHard": false,
                    "weightScale": [
                        1,
                        1,
                        1
                    ],
                    "mirrored": true,
                    "twinId": 0,
                    "flooded": false,
                    "pathable": false,
                    "mergeable": false,
                    "no_features": false
                },
                {
                    "spec": "/pa/terrain/desert/brushes/desert_plateau_11.json",
                    "proj": "BP_Bend",
                    "op": "BO_Add",
                    "position": [
                        -147.1939697265625,
                        633.210205078125,
                        -18.35491943359375
                    ],
                    "height": 650.352294921875,
                    "transform": [
                        0.9472872018814087,
                        0.22676388919353485,
                        -0.22632956504821777,
                        -147.19395446777344,
                        0.22676388919353485,
                        0.02448982000350952,
                        0.9736417531967163,
                        633.2101440429688,
                        0.22632956504821777,
                        -0.9736417531967163,
                        -0.02822291851043701,
                        -18.354839324951172
                    ],
                    "scale": [
                        1,
                        1,
                        1
                    ],
                    "rotation": 0,
                    "weight": [
                        0,
                        0,
                        0,
                        0
                    ],
                    "weightHard": false,
                    "weightScale": [
