{
    "name": "Shivaxx 8P V1 System",
    "description": "8 players FFA or 4vs4 map.Landmass.",
    "creator": "GreatBalancer",
    "version": "1.0",
    "planets": [
        {
            "name": "Shivaxx",
            "mass": 10000,
            "position_x": 31600,
            "position_y": -3900,
            "velocity_x": 15.34952449798584,
            "velocity_y": 124.37055206298828,
            "required_thrust_to_move": 0,
            "starting_planet": true,
            "respawn": false,
            "start_destroyed": false,
            "min_spawn_delay": 0,
            "max_spawn_delay": 0,
            "planet": {
                "seed": 1206059904,
                "radius": 715,
                "heightRange": 35,
                "waterHeight": 18,
                "waterDepth": 0,
                "temperature": 100,
                "metalDensity": 0,
                "metalClusters": 0,
                "metalSpotLimit": -1,
                "biomeScale": 75.00000006869588,
                "biome": "desert",
                "symmetryType": "terrain and CSG",
                "symmetricalMetal": true,
                "symmetricalStarts": false,
                "numArmies": 2,
                "landingZonesPerArmy": 0,
                "landingZoneSize": 0,
                "heightAdjustments": []
            },
            "planetCSG": [
                {
                    "spec": "/pa/terrain/desert/brushes/desert_plateau_11.json",
                    "proj": "BP_Bend",
                    "op": "BO_Add",
                    "position": [
                        421.31671142578125,
                        339.39044189453125,
                        442.7438659667969
                    ],
                    "height": 699.0820922851562,
                    "transform": [
                        1.283911108970642,
                        -0.04677075147628784,
                        0.9703004956245422,
                        421.3167419433594,
                        -0.5434030294418335,
                        1.2984132766723633,
                        0.7816227078437805,
                        339.3904724121094,
                        -0.805222749710083,
                        -0.9508066773414612,
                        1.019647479057312,
                        442.7438049316406
                    ],
                    "scale": [
                        1.609999418258667,
                        1.609999418258667,
                        1.609999418258667
                    ],
                    "rotation": -0.1900000125169754,
                    "weight": [
                        0,
                        0,
                        0,
                        0
                    ],
                    "weightHard": false,
                    "weightScale": [
                        1,
                        1,
                        1
                    ],
                    "mirrored": false,
                    "twinId": 7,
                    "flooded": false,
                    "pathable": false,
                    "mergeable": false,
                    "no_features": false
                },
                {
                    "spec": "/pa/terrain/desert/brushes/desert_plateau_11.json",
                    "proj": "BP_Bend",
                    "op": "BO_Add",
                    "position": [
                        421.31671142578125,
                        339.39044189453125,
                        442.7438659667969
                    ],
                    "height": 699.0820922851562,
                    "transform": [
                        1.283911108970642,
                        -0.04677075147628784,
                        0.9703004956245422,
                        421.3167724609375,
                        -0.5434030294418335,
                        1.2984132766723633,
                        0.7816227078437805,
                        339.3904724121094,
                        0.805222749710083,
                        0.9508066773414612,
                        -1.019647479057312,
                        -442.7438049316406
                    ],
                    "scale": [
                        1.609999418258667,
                        1.609999418258667,
                        1.609999418258667
                    ],
                    "rotation": -0.1900000125169754,
                    "weight": [
                        0,
                        0,
                        0,
                        0
                    ],
                    "weightHard": false,
                    "weightScale": [
                        1,
                        1,
                        1
                    ],
                    "mirrored": true,
                    "twinId": 7,
                    "flooded": false,
                    "pathable": false,
                    "mergeable": false,
                    "no_features": false
                },
                {
                    "spec": "/pa/terrain/desert/brushes/desert_plateau_11.json",
                    "proj": "BP_Bend",
                    "op": "BO_Add",
                    "position": [
                        356.65289306640625,
                        -417.97943115234375,
                        460.8892822265625
                    ],
                    "height": 717.1659545898438,
                    "transform": [
                        1.3675998449325562,
                        0.28408026695251465,
                        0.8006668090820312,
                        356.6529235839844,
                        0.28408026695251465,
                        1.277071475982666,
                        -0.9383415579795837,
                        -417.97943115234375,
                        -0.8006668090820312,
                        0.9383415579795837,
                        1.0346719026565552,
                        460.8892822265625
                    ],
                    "scale": [
                        1.609999418258667,
                        1.609999418258667,
                        1.609999418258667
                    ],
                    "rotation": 0,
                    "weight": [
                        0,
                        0,
                        0,
                        0
                    ],
                    "weightHard": false,
                    "weightScale": [
                        1,
                        1,
                        1
                    ],
                    "mirrored": false,
                    "twinId": 9,
                    "flooded": false,
                    "pathable": false,
                    "mergeable": false,
                    "no_features": false
                },
                {
                    "spec": "/pa/terrain/desert/brushes/desert_plateau_11.json",
                    "proj": "BP_Bend",
                    "op": "BO_Add",
                    "position": [
                        356.65289306640625,
                        -417.97943115234375,
                        460.8892822265625
                    ],
                    "height": 717.1659545898438,
                    "transform": [
                        1.3675998449325562,
                        0.28408026695251465,
                        0.8006668090820312,
                        356.6529541015625,
                        0.28408026695251465,
                        1.277071475982666,
                        -0.9383415579795837,
                        -417.97943115234375,
                        0.8006668090820312,
                        -0.9383415579795837,
                        -1.0346719026565552,
                        -460.8893127441406
                    ],
                    "scale": [
                        1.609999418258667,
                        1.609999418258667,
                        1.609999418258667
                    ],
                    "rotation": 0,
                    "weight": [
                        0,
                        0,
                        0,
                        0
                    ],
                    "weightHard": false,
                    "weightScale": [
                        1,
                        1,
                        1
                    ],
                    "mirrored": true,
                    "twinId": 9,
                    "flooded": false,
                    "pathable": false,
                    "mergeable": false,
                    "no_features": false
                },
                {
                    "spec": "/pa/terrain/desert/brushes/desert_plateau_11.json",
                    "proj": "BP_Bend",
                    "op": "BO_Add",
                    "position": [
                        -428.0570068359375,
                        -368.4759521484375,
                        475.75189208984375
                    ],
                    "height": 738.4762573242188,
                    "transform": [
                        1.2810022830963135,
                        -0.28320419788360596,
                        -0.9332346320152283,
                        -428.0570373535156,
                        -0.28320419788360596,
                        1.3662142753601074,
                        -0.8033379912376404,
                        -368.4759521484375,
                        0.9332346320152283,
                        0.8033379912376404,
                        1.037217140197754,
                        475.7518615722656
                    ],
                    "scale": [
                        1.609999418258667,
                        1.609999418258667,
                        1.609999418258667
                    ],
                    "rotation": 0,
                    "weight": [
                        0,
                        0,
                        0,
                        0
                    ],
                    "weightHard": false,
                    "weightScale": [
                        1,
                        1,
                        1
                    ],
                    "mirrored": false,
                    "twinId": 10,
                    "flooded": false,
                    "pathable": false,
                    "mergeable": false,
                    "no_features": false
                },
                {
                    "spec": "/pa/terrain/desert/brushes/desert_plateau_11.json",
                    "proj": "BP_Bend",
                    "op": "BO_Add",
                    "position": [
                        -428.0570068359375,
                        -368.4759521484375,
                        475.75189208984375
                    ],
                    "height": 738.4762573242188,
                    "transform": [
                        1.2810022830963135,
                        -0.28320419788360596,
                        -0.9332346320152283,
                        -428.0570373535156,
                        -0.28320419788360596,
                        1.3662142753601074,
                        -0.8033379912376404,
                        -368.4759521484375,
                        -0.9332346320152283,
                        -0.8033379912376404,
                        -1.037217140197754,
                        -475.7518615722656
                    ],
                    "scale": [
                        1.609999418258667,
                        1.609999418258667,
                        1.609999418258667
                    ],
                    "rotation": 0,
                    "weight": [
                        0,
                        0,
                        0,
                        0
                    ],
                    "weightHard": false,
                    "weightScale": [
                        1,
                        1,
                        1
                    ],
                    "mirrored": true,
                    "twinId": 10,
                    "flooded": false,
                    "pathable": false,
                    "mergeable": false,
                    "no_features": false
                },
                {
                    "spec": "/pa/terrain/desert/brushes/desert_plateau_11.json",
                    "proj": "BP_Bend",
                    "op": "BO_Add",
                    "position": [
                        -330.5963134765625,
                        443.9727783203125,
                        430.6690673828125
                    ],
                    "height": 701.3427124023438,
                    "transform": [
                        1.3883633613586426,
                        0.2976451814174652,
                        -0.7589155435562134,
                        -330.5963439941406,
                        0.2976451814174652,
                        1.2102782726287842,
                        1.0191820859909058,
                        443.9727783203125,
                        0.7589155435562134,
                        -1.0191820859909058,
                        0.9886420965194702,
                        430.6690368652344
                    ],
                    "scale": [
                        1.609999418258667,
                        1.609999418258667,
                        1.609999418258667
                    ],
                    "rotation": 0,
                    "weight": [
                        0,
                        0,
                        0,
                        0
                    ],
                    "weightHard": false,
                    "weightScale": [
                        1,
                        1,
                        1
                    ],
                    "mirrored": false,
                    "twinId": 11,
                    "flooded": false,
                    "pathable": false,
                    "mergeable": false,
                    "no_features": false
                },
                {
                    "spec": "/pa/terrain/desert/brushes/desert_plateau_11.json",
                    "proj": "BP_Bend",
                    "op": "BO_Add",
                    "position": [
                        -330.5963134765625,
                        443.9727783203125,
                        430.6690673828125
                    ],
                    "height": 701.3427124023438,
                    "transform": [
                        1.3883633613586426,
                        0.2976451814174652,
                        -0.7589155435562134,
                        -330.5963439941406,
                        0.2976451814174652,
                        1.2102782726287842,
                        1.0191820859909058,
                        443.9727783203125,
                        -0.7589155435562134,
                        1.0191820859909058,
                        -0.9886420965194702,
                        -430.6690368652344
                    ],
                    "scale": [
                        1.609999418258667,
                        1.609999418258667,
                        1.609999418258667
                    ],
                    "rotation": 0,
                    "weight": [
                        0,
                        0,
                        0,
                        0
                    ],
                    "weightHard": false,
                    "weightScale": [
                        1,
                        1,
                        1
                    ],
                    "mirrored": true,
                    "twinId": 11,
                    "flooded": false,
                    "pathable": false,
                    "mergeable": false,
                    "no_features": false
                },
                {
                    "spec": "/pa/terrain/desert/brushes/desert_plateau_11.json",
                    "proj": "BP_Bend",
                    "op": "BO_Add",
                    "position": [
                        -489.816650390625,
                        -313.0660400390625,
                        460.41278076171875
                    ],
                    "height": 741.5595703125,
                    "transform": [
                        0.7308300733566284,
                        -0.17203982174396515,
                        -0.6605223417282104,
                        -489.816650390625,
                        -0.17203982174396515,
                        0.8900408148765564,
                        -0.422172486782074,
                        -313.0660400390625,
                        0.6605223417282104,
                        0.422172486782074,
                        0.6208708882331848,
                        460.4127502441406
                    ],
                    "scale": [
                        1,
                        1,
                        1
                    ],
                    "rotation": 0,
                    "weight": [
                        0,
                        0,
                        0,
                        0
                    ],
                    "weightHard": false,
                    "weightScale": [
                        1,
                        1,
                        1
                    ],
                    "mirrored": false,
                    "twinId": 13,
                    "flooded": false,
                    "pathable": false,
                    "mergeable": false,
                    "no_features": false
                },
                {
                    "spec": "/pa/terrain/desert/brushes/desert_plateau_11.json",
                    "proj": "BP_Bend",
                    "op": "BO_Add",
                    "position": [
                        -489.816650390625,
                        -313.0660400390625,
                        460.41278076171875
                    ],
                    "height": 741.5595703125,
                    "transform": [
                        0.7308300733566284,
                        -0.17203982174396515,
                        -0.6605223417282104,
                        -489.816650390625,
                        -0.17203982174396515,
                        0.8900408148765564,
                        -0.422172486782074,
                        -313.0660400390625,
                        -0.6605223417282104,
                        -0.422172486782074,
                        -0.6208708882331848,
                        -460.4127502441406
                    ],
                    "scale": [
                        1,
                        1,
                        1
                    ],
                    "rotation": 0,
                    "weight": [
                        0,
                        0,
                        0,
                        0
                    ],
                    "weightHard": false,
                    "weightScale": [
                        1,
                        1,
                        1
                    ],
                    "mirrored": true,
                    "twinId": 13,
                    "flooded": false,
                    "pathable": false,
                    "mergeable": false,
                    "no_features": false
                },
                {
                    "spec": "/pa/terrain/desert/brushes/desert_plateau_11.json",
                    "proj": "BP_Bend",
                    "op": "BO_Add",
                    "position": [
                        -500.1260986328125,
                        -252.64804077148438,
                        478.5833740234375
                    ],
                    "height": 736.884765625,
                    "transform": [
                        0.7207354307174683,
                        -0.1410757303237915,
                        -0.6787033081054688,
                        -500.1261291503906,
                        -0.1410757303237915,
                        0.9287329912185669,
                        -0.3428596556186676,
                        -252.64805603027344,
                        0.6787033081054688,
                        0.3428596556186676,
                        0.6494683623313904,
                        478.5833435058594
                    ],
                    "scale": [
                        1,
                        1,
                        1
                    ],
                    "rotation": 0,
                    "weight": [
                        0,
                        0,
                        0,
                        0
                    ],
                    "weightHard": false,
                    "weightScale": [
                        1,
                        1,
                        1
                    ],
                    "mirrored": false,
                    "twinId": 14,
                    "flooded": false,
                    "pathable": false,
                    "mergeable": false,
                    "no_features": false
                },
                {
                    "spec": "/pa/terrain/desert/brushes/desert_plateau_11.json",
                    "proj": "BP_Bend",
                    "op": "BO_Add",
                    "position": [
                        -500.1260986328125,
                        -252.64804077148438,
                        478.5833740234375
                    ],
                    "height": 736.884765625,
                    "transform": [
                        0.7207354307174683,
                        -0.1410757303237915,
                        -0.6787033081054688,
                        -500.1261291503906,
                        -0.1410757303237915,
                        0.9287329912185669,
                        -0.3428596556186676,
                        -252.64804077148438,
                        -0.6787033081054688,
                        -0.3428596556186676,
                        -0.6494683623313904,
                        -478.5833435058594
                    ],
                    "scale": [
                        1,
                        1,
                        1
                    ],
                    "rotation": 0,
                    "weight": [
                        0,
                        0,
                        0,
                        0
                    ],
                    "weightHard": false,
                    "weightScale": [
                        1,
                        1,
                        1
                    ],
                    "mirrored": true,
                    "twinId": 14,
                    "flooded": false,
                    "pathable": false,
                    "mergeable": false,
                    "no_features": false
                },
                {
                    "spec": "/pa/terrain/desert/brushes/desert_plateau_11.json",
                    "proj": "BP_Bend",
                    "op": "BO_Add",
                    "position": [
                        -494.888671875,
                        -197.96456909179688,
                        500.71978759765625
                    ],
                    "height": 731.3173217773438,
                    "transform": [
                        0.728177547454834,
                        -0.10873398184776306,
                        -0.676708459854126,
                        -494.88861083984375,
                        -0.10873398184776306,
                        0.9565044045448303,
                        -0.27069583535194397,
                        -197.9645538330078,
                        0.676708459854126,
                        0.27069583535194397,
                        0.6846819519996643,
                        500.7197570800781
                    ],
                    "scale": [
                        1,
                        1,
                        1
                    ],
                    "rotation": 0,
                    "weight": [
                        0,
                        0,
                        0,
                        0
                    ],
                    "weightHard": false,
                    "weightScale": [
                        1,
                        1,
                        1
                    ],
                    "mirrored": false,
                    "twinId": 15,
                    "flooded": false,
                    "pathable": false,
                    "mergeable": false,
                    "no_features": false
                },
                {
                    "spec": "/pa/terrain/desert/brushes/desert_plateau_11.json",
                    "proj": "BP_Bend",
                    "op": "BO_Add",
                    "position": [
                        -494.888671875,
                        -197.96456909179688,
                        500.71978759765625
                    ],
                    "height": 731.3173217773438,
                    "transform": [
                        0.728177547454834,
                        -0.10873398184776306,
                        -0.676708459854126,
                        -494.88861083984375,
                        -0.10873398184776306,
                        0.9565044045448303,
                        -0.27069583535194397,
                        -197.9645538330078,
                        -0.676708459854126,
                        -0.27069583535194397,
                        -0.6846819519996643,
                        -500.7197570800781
                    ],
                    "scale": [
                        1,
                        1,
                        1
                    ],
                    "rotation": 0,
                    "weight": [
                        0,
                        0,
                        0,
                        0
                    ],
                    "weightHard": false,
                    "weightScale": [
                        1,
                        1,
                        1
                    ],
                    "mirrored": true,
                    "twinId": 15,
                    "flooded": false,
                    "pathable": false,
                    "mergeable": false,
                    "no_features": false
                },
                {
                    "spec": "/pa/terrain/desert/brushes/desert_plateau_11.json",
                    "proj": "BP_Bend",
                    "op": "BO_Add",
                    "position": [
                        -496.0643310546875,
                        -145.47491455078125,
                        513.7470703125
                    ],
                    "height": 728.8201904296875,
                    "transform": [
                        0.7282711863517761,
                        -0.07968669384717941,
                        -0.6806402206420898,
                        -496.0643310546875,
                        -0.07968669384717941,
                        0.976631224155426,
                        -0.19960330426692963,
                        -145.47491455078125,
                        0.6806402206420898,
                        0.19960330426692963,
                        0.7049024105072021,
                        513.7471313476562
                    ],
                    "scale": [
                        1,
                        1,
                        1
                    ],
                    "rotation": 0,
                    "weight": [
                        0,
                        0,
                        0,
                        0
                    ],
                    "weightHard": false,
                    "weightScale": [
                        1,
                        1,
                        1
                    ],
                    "mirrored": false,
                    "twinId": 16,
                    "flooded": false,
                    "pathable": false,
                    "mergeable": false,
                    "no_features": false
                },
                {
                    "spec": "/pa/terrain/desert/brushes/desert_plateau_11.json",
                    "proj": "BP_Bend",
                    "op": "BO_Add",
                    "position": [
                        -496.0643310546875,
                        -145.47491455078125,
                        513.7470703125
                    ],
                    "height": 728.8201904296875,
                    "transform": [
                        0.7282711863517761,
                        -0.07968669384717941,
                        -0.6806402206420898,
                        -496.0643310546875,
                        -0.07968669384717941,
                        0.976631224155426,
                        -0.19960330426692963,
                        -145.47491455078125,
                        -0.6806402206420898,
                        -0.19960330426692963,
                        -0.7049024105072021,
                        -513.7471313476562
                    ],
                    "scale": [
                        1,
                        1,
                        1
                    ],
                    "rotation": 0,
                    "weight": [
                        0,
                        0,
                        0,
                        0
                    ],
                    "weightHard": false,
                    "weightScale": [
                        1,
                        1,
                        1
                    ],
                    "mirrored": true,
                    "twinId": 16,
                    "flooded": false,
                    "pathable": false,
                    "mergeable": false,
                    "no_features": false
                },
                {
                    "spec": "/pa/terrain/desert/brushes/desert_plateau_11.json",
                    "proj": "BP_Bend",
                    "op": "BO_Add",
                    "position": [
                        -493.2908935546875,
                        -94.59561157226562,
                        525.0150146484375
                    ],
                    "height": 726.58447265625,
                    "transform": [
                        0.7324193120002747,
                        -0.051312439143657684,
                        -0.6789175271987915,
                        -493.2909240722656,
                        -0.051312439143657684,
                        0.9901601076126099,
                        -0.13019219040870667,
                        -94.59562683105469,
                        0.6789175271987915,
                        0.13019219040870667,
                        0.7225794196128845,
                        525.0150146484375
                    ],
                    "scale": [
                        1,
                        1,
                        1
                    ],
                    "rotation": 0,
                    "weight": [
                        0,
                        0,
                        0,
                        0
                    ],
                    "weightHard": false,
                    "weightScale": [
                        1,
                        1,
                        1
                    ],
                    "mirrored": false,
                    "twinId": 17,
                    "flooded": false,
                    "pathable": false,
                    "mergeable": false,
                    "no_features": false
                },
                {
                    "spec": "/pa/terrain/desert/brushes/desert_plateau_11.json",
                    "proj": "BP_Bend",
                    "op": "BO_Add",
                    "position": [
                        -493.2908935546875,
                        -94.59561157226562,
                        525.0150146484375
                    ],
                    "height": 726.58447265625,
                    "transform": [
                        0.7324193120002747,
                        -0.051312439143657684,
                        -0.6789175271987915,
                        -493.2909240722656,
                        -0.051312439143657684,
                        0.9901601076126099,
                        -0.13019219040870667,
                        -94.59562683105469,
                        -0.6789175271987915,
                        -0.13019219040870667,
                        -0.7225794196128845,
                        -525.0150146484375
                    ],
                    "scale": [
                        1,
                        1,
                        1
                    ],
                    "rotation": 0,
                    "weight": [
                        0,
                        0,
                        0,
                        0
                    ],
                    "weightHard": false,
                    "weightScale": [
                        1,
                        1,
                        1
                    ],
                    "mirrored": true,
                    "twinId": 17,
                    "flooded": false,
                    "pathable": false,
                    "mergeable": false,
                    "no_features": false
                },
                {
                    "spec": "/pa/terrain/desert/brushes/desert_plateau_11.json",
                    "proj": "BP_Bend",
                    "op": "BO_Add",
                    "position": [
                        -485.389892578125,
                        -31.10595703125,
                        530.6735229492188
                    ],
                    "height": 719.8508911132812,
                    "transform": [
                        0.738274097442627,
                        -0.016772570088505745,
                        -0.6742923259735107,
                        -485.3899230957031,
                        -0.016772570088505745,
                        0.9989251494407654,
                        -0.0432116724550724,
                        -31.105960845947266,
                        0.6742923259735107,
                        0.0432116724550724,
                        0.7371991872787476,
                        530.6734619140625
                    ],
                    "scale": [
                        1,
                        1,
                        1
                    ],
                    "rotation": 0,
                    "weight": [
                        0,
                        0,
                        0,
                        0
                    ],
                    "weightHard": false,
                    "weightScale": [
                        1,
                        1,
                        1
                    ],
                    "mirrored": false,
                    "twinId": 18,
                    "flooded": false,
                    "pathable": false,
                    "mergeable": false,
                    "no_features": false
                },
                {
                    "spec": "/pa/terrain/desert/brushes/desert_plateau_11.json",
                    "proj": "BP_Bend",
                    "op": "BO_Add",
                    "position": [
                        -485.389892578125,
                        -31.10595703125,
                        530.6735229492188
                    ],
                    "height": 719.8508911132812,
                    "transform": [
                        0.738274097442627,
                        -0.016772570088505745,
                        -0.6742923259735107,
                        -485.3899230957031,
                        -0.016772570088505745,
                        0.9989251494407654,
                        -0.0432116724550724,
                        -31.105960845947266,
                        -0.6742923259735107,
                        -0.0432116724550724,
                        -0.7371991872787476,
                        -530.6734619140625
                    ],
                    "scale": [
                        1,
                        1,
                        1
                    ],
                    "rotation": 0,
                    "weight": [
                        0,
                        0,
                        0,
                        0
                    ],
                    "weightHard": false,
                    "weightScale": [
                        1,
                        1,
                        1
                    ],
                    "mirrored": true,
                    "twinId": 18,
                    "flooded": false,
                    "pathable": false,
                    "mergeable": false,
                    "no_features": false
                },
                {
                    "spec": "/pa/terrain/desert/brushes/desert_plateau_11.json",
                    "proj": "BP_Bend",
                    "op": "BO_Add",
                    "position": [
                        -472.510986328125,
                        26.652328491210938,
                        535.1644897460938
                    ],
                    "height": 714.407470703125,
                    "transform": [
                        0.749898374080658,
                        0.014107165858149529,
                        -0.6614025235176086,
                        -472.5108947753906,
                        0.014107165858149529,
                        0.9992042779922485,
                        0.03730689734220505,
                        26.652326583862305,
                        0.6614025235176086,
                        -0.03730689734220505,
                        0.7491026520729065,
                        535.16455078125
                    ],
                    "scale": [
                        1,
                        1,
                        1
                    ],
                    "rotation": 0,
                    "weight": [
                        0,
                        0,
                        0,
                        0
                    ],
                    "weightHard": false,
                    "weightScale": [
                        1,
                        1,
                        1
                    ],
                    "mirrored": false,
                    "twinId": 19,
                    "flooded": false,
                    "pathable": false,
                    "mergeable": false,
                    "no_features": false
                },
                {
                    "spec": "/pa/terrain/desert/brushes/desert_plateau_11.json",
                    "proj": "BP_Bend",
                    "op": "BO_Add",
                    "position": [
                        -472.510986328125,
                        26.652328491210938,
                        535.1644897460938
                    ],
                    "height": 714.407470703125,
                    "transform": [
                        0.749898374080658,
                        0.014107165858149529,
                        -0.6614025235176086,
                        -472.5108947753906,
                        0.014107165858149529,
                        0.9992042779922485,
                        0.03730689734220505,
                        26.652326583862305,
                        -0.6614025235176086,
                        0.03730689734220505,
                        -0.7491026520729065,
                        -535.16455078125
                    ],
                    "scale": [
                        1,
                        1,
                        1
                    ],
                    "rotation": 0,
                    "weight": [
                        0,
                        0,
