{
    "name": "Tuturama 4vs4 System",
    "description": "4vs4 team game map.Landmass.",
    "creator": "GreatBalancer",
    "version": "1.0",
    "planets": [
        {
            "name": "Tuturama",
            "mass": 10000,
            "position_x": 24100,
            "position_y": -1900,
            "velocity_x": 11.303021430969238,
            "velocity_y": 143.36997985839844,
            "required_thrust_to_move": 0,
            "starting_planet": true,
            "respawn": false,
            "start_destroyed": false,
            "min_spawn_delay": 0,
            "max_spawn_delay": 0,
            "planet": {
                "seed": 638185856,
                "radius": 585,
                "heightRange": 35,
                "waterHeight": 13.999998092651367,
                "waterDepth": 100,
                "temperature": 100,
                "metalDensity": 0,
                "metalClusters": 0,
                "metalSpotLimit": -1,
                "biomeScale": 75.00000006869588,
                "biome": "desert",
                "symmetryType": "terrain and CSG",
                "symmetricalMetal": true,
                "symmetricalStarts": false,
                "numArmies": 2,
                "landingZonesPerArmy": 0,
                "landingZoneSize": 0,
                "heightAdjustments": []
            },
            "planetCSG": [
                {
                    "proj": "BP_Bend",
                    "spec": "/pa/terrain/desert/brushes/desert_metal_t2_large_4_ramp.json",
                    "height": 595.831298828125,
                    "op": "BO_Add",
                    "position": [
                        5.4520263671875,
                        14.118560791015625,
                        595.6390380859375
                    ],
                    "transform": [
                        1.3167020082473755,
                        -0.09246344119310379,
                        0.01207837462425232,
                        5.452026844024658,
                        0.092155821621418,
                        1.316407322883606,
                        0.03127814829349518,
                        14.118562698364258,
                        -0.014236478134989738,
                        -0.0303567536175251,
                        1.3195737600326538,
                        595.6390380859375
                    ],
                    "scale": [
                        1.3199996948242188,
                        1.3199996948242188,
                        1.3199996948242188
                    ],
                    "rotation": 0.06999999284744263,
                    "weight": [
                        0,
                        0,
                        0,
                        0
                    ],
                    "weightHard": false,
                    "weightScale": [
                        1,
                        1,
                        1
                    ],
                    "mirrored": false,
                    "twinId": 0,
                    "pathable": true,
                    "flooded": false,
                    "mergeable": false,
                    "no_features": true
                },
                {
                    "proj": "BP_Bend",
                    "spec": "/pa/terrain/desert/brushes/desert_metal_t2_large_4_ramp.json",
                    "height": 595.831298828125,
                    "op": "BO_Add",
                    "position": [
                        5.4520263671875,
                        14.118560791015625,
                        595.6390380859375
                    ],
                    "transform": [
                        1.3167020082473755,
                        -0.09246344119310379,
                        0.01207837462425232,
                        5.452026844024658,
                        0.092155821621418,
                        1.316407322883606,
                        0.03127814829349518,
                        14.118562698364258,
                        0.014236478134989738,
                        0.0303567536175251,
                        -1.3195737600326538,
                        -595.6390380859375
                    ],
                    "scale": [
                        1.3199996948242188,
                        1.3199996948242188,
                        1.3199996948242188
                    ],
                    "rotation": 0.06999999284744263,
                    "weight": [
                        0,
                        0,
                        0,
                        0
                    ],
                    "weightHard": false,
                    "weightScale": [
                        1,
                        1,
                        1
                    ],
                    "mirrored": true,
                    "twinId": 0,
                    "pathable": true,
                    "flooded": false,
                    "mergeable": false,
                    "no_features": true
                },
                {
                    "proj": "BP_Bend",
                    "spec": "/pa/terrain/metal/brushes/metal_structure_06.json",
                    "height": 590.0306396484375,
                    "op": "BO_Add",
                    "position": [
                        559.9671630859375,
                        34.99042510986328,
                        182.61593627929688
                    ],
                    "transform": [
                        0.45739254355430603,
                        -0.09120010584592819,
                        1.404590129852295,
                        559.9672241210938,
                        0.025013916194438934,
                        1.4771829843521118,
                        0.08776801079511642,
                        34.99042510986328,
                        -1.4073255062103271,
                        -0.0033852234482765198,
                        0.458063542842865,
                        182.61595153808594
                    ],
                    "scale": [
                        1.4799995422363281,
                        1.4799995422363281,
                        1.4799995422363281
                    ],
                    "rotation": 0.059999994933605194,
                    "weight": [
                        0,
                        0,
                        0,
                        0
                    ],
                    "weightHard": false,
                    "weightScale": [
                        1,
                        1,
                        1
                    ],
                    "mirrored": false,
                    "twinId": 0,
                    "pathable": false,
                    "flooded": false,
                    "mergeable": false,
                    "no_features": false
                },
                {
                    "proj": "BP_Bend",
                    "spec": "/pa/terrain/metal/brushes/metal_structure_06.json",
                    "height": 590.0306396484375,
                    "op": "BO_Add",
                    "position": [
                        559.9671630859375,
                        34.99042510986328,
                        182.61593627929688
                    ],
                    "transform": [
                        0.45739254355430603,
                        -0.09120010584592819,
                        1.404590129852295,
                        559.9672241210938,
                        0.025013916194438934,
                        1.4771829843521118,
                        0.08776801079511642,
                        34.99042510986328,
                        1.4073255062103271,
                        0.0033852234482765198,
                        -0.458063542842865,
                        -182.61595153808594
                    ],
                    "scale": [
                        1.4799995422363281,
                        1.4799995422363281,
                        1.4799995422363281
                    ],
                    "rotation": 0.059999994933605194,
                    "weight": [
                        0,
                        0,
                        0,
                        0
                    ],
                    "weightHard": false,
                    "weightScale": [
                        1,
                        1,
                        1
                    ],
                    "mirrored": true,
                    "twinId": 0,
                    "pathable": false,
                    "flooded": false,
                    "mergeable": false,
                    "no_features": false
                },
                {
                    "proj": "BP_Bend",
                    "spec": "/pa/terrain/metal/brushes/metal_structure_06.json",
                    "height": 585.6177368164062,
                    "op": "BO_Add",
                    "position": [
                        -558.221923828125,
                        -31.0703125,
                        174.27294921875
                    ],
                    "transform": [
                        0.43938368558883667,
                        -0.08418180793523788,
                        -1.4107637405395508,
                        -558.2219848632812,
                        0.0309748575091362,
                        1.4775903224945068,
                        -0.07852230221033096,
                        -31.070314407348633,
                        1.412933588027954,
                        -0.006214037537574768,
                        0.44043034315109253,
                        174.2729034423828
                    ],
                    "scale": [
                        1.4799995422363281,
                        1.4799995422363281,
                        1.4799995422363281
                    ],
                    "rotation": 0.059999994933605194,
                    "weight": [
                        0,
                        0,
                        0,
                        0
                    ],
                    "weightHard": false,
                    "weightScale": [
                        1,
                        1,
                        1
                    ],
                    "mirrored": false,
                    "twinId": 0,
                    "pathable": false,
                    "flooded": false,
                    "mergeable": false,
                    "no_features": false
                },
                {
                    "proj": "BP_Bend",
                    "spec": "/pa/terrain/metal/brushes/metal_structure_06.json",
                    "height": 585.6177368164062,
                    "op": "BO_Add",
                    "position": [
                        -558.221923828125,
                        -31.0703125,
                        174.27294921875
                    ],
                    "transform": [
                        0.43938368558883667,
                        -0.08418180793523788,
                        -1.4107637405395508,
                        -558.2219848632812,
                        0.0309748575091362,
                        1.4775903224945068,
                        -0.07852230221033096,
                        -31.070314407348633,
                        -1.412933588027954,
                        0.006214037537574768,
                        -0.44043034315109253,
                        -174.27288818359375
                    ],
                    "scale": [
                        1.4799995422363281,
                        1.4799995422363281,
                        1.4799995422363281
                    ],
                    "rotation": 0.059999994933605194,
                    "weight": [
                        0,
                        0,
                        0,
                        0
                    ],
                    "weightHard": false,
                    "weightScale": [
                        1,
                        1,
                        1
                    ],
                    "mirrored": true,
                    "twinId": 0,
                    "pathable": false,
                    "flooded": false,
                    "mergeable": false,
                    "no_features": false
                },
                {
                    "proj": "BP_Bend",
                    "spec": "/pa/terrain/desert/brushes/desert_plateau_10.json",
                    "height": 594.9729614257812,
                    "op": "BO_Add",
                    "position": [
                        475.34088134765625,
                        29.116384506225586,
                        -356.6456298828125
                    ],
                    "transform": [
                        -0.5934526920318604,
                        -0.09760485589504242,
                        0.798928439617157,
                        475.3408203125,
                        -0.09760485589504242,
                        0.9940213561058044,
                        0.04893731325864792,
                        29.116378784179688,
                        -0.798928439617157,
                        -0.04893731325864792,
                        -0.5994313955307007,
                        -356.6454772949219
                    ],
                    "scale": [
                        1,
                        1,
                        1
                    ],
                    "rotation": 0,
                    "weight": [
                        0,
                        0,
                        0,
                        0
                    ],
                    "weightHard": false,
                    "weightScale": [
                        1,
                        1,
                        1
                    ],
                    "mirrored": false,
                    "twinId": 0,
                    "pathable": false,
                    "flooded": false,
                    "mergeable": false,
                    "no_features": false
                },
                {
                    "proj": "BP_Bend",
                    "spec": "/pa/terrain/desert/brushes/desert_plateau_10.json",
                    "height": 594.9729614257812,
                    "op": "BO_Add",
                    "position": [
                        475.34088134765625,
                        29.116384506225586,
                        -356.6456298828125
                    ],
                    "transform": [
                        -0.5934526920318604,
                        -0.09760485589504242,
                        0.798928439617157,
                        475.3408203125,
                        -0.09760485589504242,
                        0.9940213561058044,
                        0.04893731325864792,
                        29.116378784179688,
                        0.798928439617157,
                        0.04893731325864792,
                        0.5994313955307007,
                        356.6454772949219
                    ],
                    "scale": [
                        1,
                        1,
                        1
                    ],
                    "rotation": 0,
                    "weight": [
                        0,
                        0,
                        0,
                        0
                    ],
                    "weightHard": false,
                    "weightScale": [
                        1,
                        1,
                        1
                    ],
                    "mirrored": true,
                    "twinId": 0,
                    "pathable": false,
                    "flooded": false,
                    "mergeable": false,
                    "no_features": false
                },
                {
                    "proj": "BP_Bend",
                    "spec": "/pa/terrain/desert/brushes/desert_plateau_10.json",
                    "height": 592.4324340820312,
                    "op": "BO_Add",
                    "position": [
                        502.06597900390625,
                        -3.7889785766601562,
                        -314.4703369140625
                    ],
                    "transform": [
                        -0.5307250022888184,
                        0.011552035808563232,
                        0.847465455532074,
                        502.0660095214844,
                        0.011552035808563232,
                        0.9999127984046936,
                        -0.0063956305384635925,
                        -3.7889790534973145,
                        -0.847465455532074,
                        0.0063956305384635925,
                        -0.53081214427948,
                        -314.4703369140625
                    ],
                    "scale": [
                        1,
                        1,
                        1
                    ],
                    "rotation": 0,
                    "weight": [
                        0,
                        0,
                        0,
                        0
                    ],
                    "weightHard": false,
                    "weightScale": [
                        1,
                        1,
                        1
                    ],
                    "mirrored": false,
                    "twinId": 0,
                    "pathable": false,
                    "flooded": false,
                    "mergeable": false,
                    "no_features": false
                },
                {
                    "proj": "BP_Bend",
                    "spec": "/pa/terrain/desert/brushes/desert_plateau_10.json",
                    "height": 592.4324340820312,
                    "op": "BO_Add",
                    "position": [
                        502.06597900390625,
                        -3.7889785766601562,
                        -314.4703369140625
                    ],
                    "transform": [
                        -0.5307250022888184,
                        0.011552035808563232,
                        0.847465455532074,
                        502.0660095214844,
                        0.011552035808563232,
                        0.9999127984046936,
                        -0.0063956305384635925,
                        -3.7889790534973145,
                        0.847465455532074,
                        -0.0063956305384635925,
                        0.53081214427948,
                        314.4703369140625
                    ],
                    "scale": [
                        1,
                        1,
                        1
                    ],
                    "rotation": 0,
                    "weight": [
                        0,
                        0,
                        0,
                        0
                    ],
                    "weightHard": false,
                    "weightScale": [
                        1,
                        1,
                        1
                    ],
                    "mirrored": true,
                    "twinId": 0,
                    "pathable": false,
                    "flooded": false,
                    "mergeable": false,
                    "no_features": false
                },
                {
                    "proj": "BP_Bend",
                    "spec": "/pa/terrain/desert/brushes/desert_plateau_10.json",
                    "height": 592.3623046875,
                    "op": "BO_Add",
                    "position": [
                        528.0977172851562,
                        -14.76992416381836,
                        -267.93243408203125
                    ],
                    "transform": [
                        -0.45117688179016113,
                        0.04058675095438957,
                        0.8915113806724548,
                        528.0977172851562,
                        0.04058675095438957,
                        0.9988648891448975,
                        -0.024933936074376106,
                        -14.76992416381836,
                        -0.8915113806724548,
                        0.024933936074376106,
                        -0.45231199264526367,
                        -267.9325866699219
                    ],
                    "scale": [
                        1,
                        1,
                        1
                    ],
                    "rotation": 0,
                    "weight": [
                        0,
                        0,
                        0,
                        0
                    ],
                    "weightHard": false,
                    "weightScale": [
                        1,
                        1,
                        1
                    ],
                    "mirrored": false,
                    "twinId": 0,
                    "pathable": false,
                    "flooded": false,
                    "mergeable": false,
                    "no_features": false
                },
                {
                    "proj": "BP_Bend",
                    "spec": "/pa/terrain/desert/brushes/desert_plateau_10.json",
                    "height": 592.3623046875,
                    "op": "BO_Add",
                    "position": [
                        528.0977172851562,
                        -14.76992416381836,
                        -267.93243408203125
                    ],
                    "transform": [
                        -0.45117688179016113,
                        0.04058675095438957,
                        0.8915113806724548,
                        528.0977172851562,
                        0.04058675095438957,
                        0.9988648891448975,
                        -0.024933936074376106,
                        -14.769925117492676,
                        0.8915113806724548,
                        -0.024933936074376106,
                        0.45231199264526367,
                        267.9325866699219
                    ],
                    "scale": [
                        1,
                        1,
                        1
                    ],
                    "rotation": 0,
                    "weight": [
                        0,
                        0,
                        0,
                        0
                    ],
                    "weightHard": false,
                    "weightScale": [
                        1,
                        1,
                        1
                    ],
                    "mirrored": true,
                    "twinId": 0,
                    "pathable": false,
                    "flooded": false,
                    "mergeable": false,
                    "no_features": false
                },
                {
                    "proj": "BP_Bend",
                    "spec": "/pa/terrain/desert/brushes/desert_plateau_10.json",
                    "height": 589.9981079101562,
                    "op": "BO_Add",
                    "position": [
                        552.2642822265625,
                        -10.215232849121094,
                        -207.3585205078125
                    ],
                    "transform": [
                        -0.3509942293167114,
                        0.02498934045433998,
                        0.9360442757606506,
                        552.2643432617188,
                        0.02498934045433998,
                        0.9995377659797668,
                        -0.017314011231064796,
                        -10.21523380279541,
                        -0.9360442757606506,
                        0.017314011231064796,
                        -0.3514564037322998,
                        -207.35861206054688
                    ],
                    "scale": [
                        1,
                        1,
                        1
                    ],
                    "rotation": 0,
                    "weight": [
                        0,
                        0,
                        0,
                        0
                    ],
                    "weightHard": false,
                    "weightScale": [
                        1,
                        1,
                        1
                    ],
                    "mirrored": false,
                    "twinId": 0,
                    "pathable": false,
                    "flooded": false,
                    "mergeable": false,
                    "no_features": false
                },
                {
                    "proj": "BP_Bend",
                    "spec": "/pa/terrain/desert/brushes/desert_plateau_10.json",
                    "height": 589.9981079101562,
                    "op": "BO_Add",
                    "position": [
                        552.2642822265625,
                        -10.215232849121094,
                        -207.3585205078125
                    ],
                    "transform": [
                        -0.3509942293167114,
                        0.02498934045433998,
                        0.9360442757606506,
                        552.2643432617188,
                        0.02498934045433998,
                        0.9995377659797668,
                        -0.017314011231064796,
                        -10.21523380279541,
                        0.9360442757606506,
                        -0.017314011231064796,
                        0.3514564037322998,
                        207.3585968017578
                    ],
                    "scale": [
                        1,
                        1,
                        1
                    ],
                    "rotation": 0,
                    "weight": [
                        0,
                        0,
                        0,
                        0
                    ],
                    "weightHard": false,
                    "weightScale": [
                        1,
                        1,
                        1
                    ],
                    "mirrored": true,
                    "twinId": 0,
                    "pathable": false,
                    "flooded": false,
                    "mergeable": false,
                    "no_features": false
                },
                {
                    "proj": "BP_Bend",
                    "spec": "/pa/terrain/desert/brushes/desert_plateau_10.json",
                    "height": 588.6211547851562,
                    "op": "BO_Add",
                    "position": [
                        567.16845703125,
                        -12.335578918457031,
                        -156.97972106933594
                    ],
                    "transform": [
                        -0.2660917043685913,
                        0.027536746114492416,
                        0.963554322719574,
                        567.16845703125,
                        0.027536746114492416,
                        0.9994010925292969,
                        -0.0209567379206419,
                        -12.335578918457031,
                        -0.963554322719574,
                        0.0209567379206419,
                        -0.26669061183929443,
                        -156.979736328125
                    ],
                    "scale": [
                        1,
                        1,
                        1
                    ],
                    "rotation": 0,
                    "weight": [
                        0,
                        0,
                        0,
                        0
                    ],
                    "weightHard": false,
                    "weightScale": [
                        1,
                        1,
                        1
                    ],
                    "mirrored": false,
                    "twinId": 0,
                    "pathable": false,
                    "flooded": false,
                    "mergeable": false,
                    "no_features": false
                },
                {
                    "proj": "BP_Bend",
                    "spec": "/pa/terrain/desert/brushes/desert_plateau_10.json",
                    "height": 588.6211547851562,
                    "op": "BO_Add",
                    "position": [
                        567.16845703125,
                        -12.335578918457031,
                        -156.97972106933594
                    ],
                    "transform": [
                        -0.2660917043685913,
                        0.027536746114492416,
                        0.963554322719574,
                        567.16845703125,
                        0.027536746114492416,
                        0.9994010925292969,
                        -0.0209567379206419,
                        -12.335578918457031,
                        0.963554322719574,
                        -0.0209567379206419,
                        0.26669061183929443,
                        156.979736328125
                    ],
                    "scale": [
                        1,
                        1,
                        1
                    ],
                    "rotation": 0,
                    "weight": [
                        0,
                        0,
                        0,
                        0
                    ],
                    "weightHard": false,
                    "weightScale": [
                        1,
                        1,
                        1
                    ],
                    "mirrored": true,
                    "twinId": 0,
                    "pathable": false,
                    "flooded": false,
                    "mergeable": false,
                    "no_features": false
                },
                {
                    "proj": "BP_Bend",
                    "spec": "/pa/terrain/desert/brushes/desert_plateau_10.json",
                    "height": 590.0564575195312,
                    "op": "BO_Add",
                    "position": [
                        579.4697265625,
                        -11.46734619140625,
                        -110.67959594726562
                    ],
                    "transform": [
                        -0.1871095895767212,
                        0.02349216118454933,
                        0.9820579290390015,
                        579.4696044921875,
                        0.02349216118454933,
                        0.999535083770752,
                        -0.019434316083788872,
                        -11.4673433303833,
                        -0.9820579290390015,
                        0.019434316083788872,
                        -0.18757450580596924,
                        -110.67955017089844
                    ],
                    "scale": [
                        1,
                        1,
                        1
                    ],
                    "rotation": 0,
                    "weight": [
                        0,
                        0,
                        0,
                        0
                    ],
                    "weightHard": false,
                    "weightScale": [
                        1,
                        1,
                        1
                    ],
                    "mirrored": false,
                    "twinId": 0,
                    "pathable": false,
                    "flooded": false,
                    "mergeable": false,
                    "no_features": false
                },
                {
                    "proj": "BP_Bend",
                    "spec": "/pa/terrain/desert/brushes/desert_plateau_10.json",
                    "height": 590.0564575195312,
                    "op": "BO_Add",
                    "position": [
                        579.4697265625,
                        -11.46734619140625,
                        -110.67959594726562
                    ],
                    "transform": [
                        -0.1871095895767212,
                        0.02349216118454933,
                        0.9820579290390015,
                        579.4696044921875,
                        0.02349216118454933,
                        0.999535083770752,
                        -0.019434316083788872,
                        -11.4673433303833,
                        0.9820579290390015,
                        -0.019434316083788872,
                        0.18757450580596924,
                        110.67955017089844
                    ],
                    "scale": [
                        1,
                        1,
                        1
                    ],
                    "rotation": 0,
                    "weight": [
                        0,
                        0,
                        0,
                        0
                    ],
                    "weightHard": false,
                    "weightScale": [
                        1,
                        1,
                        1
                    ],
                    "mirrored": true,
                    "twinId": 0,
                    "pathable": false,
                    "flooded": false,
                    "mergeable": false,
                    "no_features": false
                },
                {
                    "proj": "BP_Bend",
                    "spec": "/pa/terrain/desert/brushes/desert_plateau_10.json",
                    "height": 586.22119140625,
                    "op": "BO_Add",
                    "position": [
                        582.10986328125,
                        -4.296112060546875,
                        -69.17283630371094
                    ],
                    "transform": [
                        -0.11793673038482666,
                        0.00825064443051815,
                        0.9929867386817932,
                        582.10986328125,
                        0.00825064443051815,
                        0.9999390840530396,
                        -0.007328482810407877,
                        -4.296112060546875,
                        -0.9929867386817932,
                        0.007328482810407877,
                        -0.11799764633178711,
                        -69.17272186279297
                    ],
                    "scale": [
                        1,
                        1,
                        1
                    ],
                    "rotation": 0,
                    "weight": [
                        0,
                        0,
                        0,
                        0
                    ],
                    "weightHard": false,
                    "weightScale": [
                        1,
                        1,
                        1
                    ],
                    "mirrored": false,
                    "twinId": 0,
                    "pathable": false,
                    "flooded": false,
                    "mergeable": false,
                    "no_features": false
                },
                {
                    "proj": "BP_Bend",
                    "spec": "/pa/terrain/desert/brushes/desert_plateau_10.json",
                    "height": 586.22119140625,
                    "op": "BO_Add",
                    "position": [
                        582.10986328125,
                        -4.296112060546875,
                        -69.17283630371094
                    ],
                    "transform": [
                        -0.11793673038482666,
                        0.00825064443051815,
                        0.9929867386817932,
                        582.10986328125,
                        0.00825064443051815,
                        0.9999390840530396,
                        -0.007328482810407877,
                        -4.296112060546875,
                        0.9929867386817932,
                        -0.007328482810407877,
                        0.11799764633178711,
                        69.17272186279297
                    ],
                    "scale": [
                        1,
                        1,
                        1
                    ],
                    "rotation": 0,
                    "weight": [
                        0,
                        0,
                        0,
                        0
                    ],
                    "weightHard": false,
                    "weightScale": [
                        1,
                        1,
                        1
                    ],
                    "mirrored": true,
                    "twinId": 0,
                    "pathable": false,
                    "flooded": false,
                    "mergeable": false,
                    "no_features": false
                },
                {
                    "proj": "BP_Bend",
                    "spec": "/pa/terrain/desert/brushes/desert_plateau_10.json",
                    "height": 582.2966918945312,
                    "op": "BO_Add",
                    "position": [
                        581.65380859375,
                        0.25815582275390625,
                        -27.354400634765625
                    ],
                    "transform": [
                        -0.046976685523986816,
                        -0.00046468040090985596,
                        0.9988958835601807,
                        581.6537475585938,
                        -0.00046468040090985596,
                        0.9999998211860657,
                        0.0004433406866155565,
                        0.25815582275390625,
                        -0.9988958835601807,
                        -0.0004433406866155565,
                        -0.04697692394256592,
                        -27.354507446289062
                    ],
                    "scale": [
                        1,
                        1,
                        1
                    ],
                    "rotation": 0,
                    "weight": [
                        0,
                        0,
                        0,
                        0
                    ],
                    "weightHard": false,
                    "weightScale": [
                        1,
                        1,
                        1
                    ],
                    "mirrored": false,
                    "twinId": 0,
                    "pathable": false,
                    "flooded": false,
                    "mergeable": false,
                    "no_features": false
                },
                {
                    "proj": "BP_Bend",
                    "spec": "/pa/terrain/desert/brushes/desert_plateau_10.json",
                    "height": 582.2966918945312,
                    "op": "BO_Add",
                    "position": [
                        581.65380859375,
                        0.25815582275390625,
                        -27.354400634765625
                    ],
                    "transform": [
                        -0.046976685523986816,
                        -0.00046468040090985596,
                        0.9988958835601807,
                        581.6537475585938,
                        -0.00046468040090985596,
                        0.9999998211860657,
                        0.0004433406866155565,
                        0.25815582275390625,
                        0.9988958835601807,
                        0.0004433406866155565,
                        0.04697692394256592,
                        27.354507446289062
                    ],
                    "scale": [
                        1,
                        1,
                        1
                    ],
                    "rotation": 0,
