{
    "name": "Valley G 2vs2 System",
    "description": "2vs2 Team game map.Landmass.",
    "creator": "GreatBalancer",
    "version": "1.0",
    "planets": [
        {
            "name": "Valley D",
            "mass": 20000,
            "position_x": 30600,
            "position_y": 1400,
            "velocity_x": -5.839158058166504,
            "velocity_y": 127.62718963623047,
            "required_thrust_to_move": 0,
            "starting_planet": true,
            "respawn": false,
            "start_destroyed": false,
            "min_spawn_delay": 0,
            "max_spawn_delay": 0,
            "planet": {
                "seed": 614914880,
                "radius": 560,
                "heightRange": 0,
                "waterHeight": 0,
                "waterDepth": 0,
                "temperature": 50,
                "metalDensity": 0,
                "metalClusters": 0,
                "metalSpotLimit": -1,
                "biomeScale": 50,
                "biome": "grass",
                "symmetryType": "terrain and CSG",
                "symmetricalMetal": true,
                "symmetricalStarts": false,
                "numArmies": 2,
                "landingZonesPerArmy": 0,
                "landingZoneSize": 0,
                "heightAdjustments": []
            },
            "planetCSG": [
                {
                    "proj": "BP_Bend",
                    "spec": "/pa/terrain/lava/brushes/lava_volcano_04.json",
                    "height": 557.8244018554688,
                    "op": "BO_Add",
                    "position": [
                        8.11962890625,
                        540.8433837890625,
                        136.3470458984375
                    ],
                    "transform": [
                        0.07497844099998474,
                        1.7782305479049683,
                        0.025909466668963432,
                        8.11962890625,
                        -0.43579748272895813,
                        -0.006770485080778599,
                        1.7258131504058838,
                        540.8433227539062,
                        1.7241969108581543,
                        -0.07903940230607986,
                        0.4350793659687042,
                        136.34719848632812
                    ],
                    "scale": [
                        1.7799991369247437,
                        1.7799991369247437,
                        1.7799991369247437
                    ],
                    "rotation": -1.5399988889694214,
                    "weight": [
                        0,
                        0,
                        0,
                        0
                    ],
                    "weightHard": false,
                    "weightScale": [
                        1,
                        1,
                        1
                    ],
                    "mirrored": false,
                    "twinId": 1,
                    "pathable": false,
                    "flooded": false,
                    "mergeable": false,
                    "no_features": false
                },
                {
                    "proj": "BP_Bend",
                    "spec": "/pa/terrain/lava/brushes/lava_volcano_04.json",
                    "height": 557.8244018554688,
                    "op": "BO_Add",
                    "position": [
                        8.11962890625,
                        540.8433837890625,
                        136.3470458984375
                    ],
                    "transform": [
                        0.07497844099998474,
                        1.7782305479049683,
                        0.025909466668963432,
                        8.11962890625,
                        -0.43579748272895813,
                        -0.006770485080778599,
                        1.7258131504058838,
                        540.8433227539062,
                        -1.7241969108581543,
                        0.07903940230607986,
                        -0.4350793659687042,
                        -136.34719848632812
                    ],
                    "scale": [
                        1.7799991369247437,
                        1.7799991369247437,
                        1.7799991369247437
                    ],
                    "rotation": -1.5399988889694214,
                    "weight": [
                        0,
                        0,
                        0,
                        0
                    ],
                    "weightHard": false,
                    "weightScale": [
                        1,
                        1,
                        1
                    ],
                    "mirrored": true,
                    "twinId": 1,
                    "pathable": false,
                    "flooded": false,
                    "mergeable": false,
                    "no_features": false
                },
                {
                    "proj": "BP_Bend",
                    "spec": "/pa/terrain/lava/brushes/lava_volcano_04.json",
                    "height": 559.899658203125,
                    "op": "BO_Add",
                    "position": [
                        4.866764068603516,
                        -541.9923095703125,
                        140.38629150390625
                    ],
                    "transform": [
                        1.7798916101455688,
                        0.011974778957664967,
                        0.015472120605409145,
                        4.866763591766357,
                        0.011974778957664967,
                        0.44641509652137756,
                        -1.7230690717697144,
                        -541.9922485351562,
                        -0.015472120605409145,
                        1.7230690717697144,
                        0.44630762934684753,
                        140.38629150390625
                    ],
                    "scale": [
                        1.7799991369247437,
                        1.7799991369247437,
                        1.7799991369247437
                    ],
                    "rotation": 0,
                    "weight": [
                        0,
                        0,
                        0,
                        0
                    ],
                    "weightHard": false,
                    "weightScale": [
                        1,
                        1,
                        1
                    ],
                    "mirrored": false,
                    "twinId": 4,
                    "pathable": false,
                    "flooded": false,
                    "mergeable": false,
                    "no_features": false
                },
                {
                    "proj": "BP_Bend",
                    "spec": "/pa/terrain/lava/brushes/lava_volcano_04.json",
                    "height": 559.899658203125,
                    "op": "BO_Add",
                    "position": [
                        4.866764068603516,
                        -541.9923095703125,
                        140.38629150390625
                    ],
                    "transform": [
                        1.7798916101455688,
                        0.011974778957664967,
                        0.015472120605409145,
                        4.866763591766357,
                        0.011974778957664967,
                        0.44641509652137756,
                        -1.7230690717697144,
                        -541.9922485351562,
                        0.015472120605409145,
                        -1.7230690717697144,
                        -0.44630762934684753,
                        -140.38629150390625
                    ],
                    "scale": [
                        1.7799991369247437,
                        1.7799991369247437,
                        1.7799991369247437
                    ],
                    "rotation": 0,
                    "weight": [
                        0,
                        0,
                        0,
                        0
                    ],
                    "weightHard": false,
                    "weightScale": [
                        1,
                        1,
                        1
                    ],
                    "mirrored": true,
                    "twinId": 4,
                    "pathable": false,
                    "flooded": false,
                    "mergeable": false,
                    "no_features": false
                },
                {
                    "proj": "BP_Bend",
                    "spec": "/pa/terrain/jungle/brushes/jungle_volcano_06.json",
                    "height": 558.5985717773438,
                    "op": "BO_Add",
                    "position": [
                        -441.7274169921875,
                        257.091552734375,
                        225.4178009033203
                    ],
                    "transform": [
                        0.5544630289077759,
                        0.25930872559547424,
                        -0.7907779216766357,
                        -441.7274169921875,
                        0.25930872559547424,
                        0.8490786552429199,
                        0.4602437913417816,
                        257.0915222167969,
                        0.7907779216766357,
                        -0.4602437913417816,
                        0.4035417437553406,
                        225.4178466796875
                    ],
                    "scale": [
                        1,
                        1,
                        1
                    ],
                    "rotation": 0,
                    "weight": [
                        0,
                        0,
                        0,
                        0
                    ],
                    "weightHard": false,
                    "weightScale": [
                        1,
                        1,
                        1
                    ],
                    "mirrored": false,
                    "twinId": 6,
                    "pathable": false,
                    "flooded": false,
                    "mergeable": false,
                    "no_features": false
                },
                {
                    "proj": "BP_Bend",
                    "spec": "/pa/terrain/jungle/brushes/jungle_volcano_06.json",
                    "height": 558.5985717773438,
                    "op": "BO_Add",
                    "position": [
                        -441.7274169921875,
                        257.091552734375,
                        225.4178009033203
                    ],
                    "transform": [
                        0.5544630289077759,
                        0.25930872559547424,
                        -0.7907779216766357,
                        -441.7274169921875,
                        0.25930872559547424,
                        0.8490786552429199,
                        0.4602437913417816,
                        257.0915222167969,
                        -0.7907779216766357,
                        0.4602437913417816,
                        -0.4035417437553406,
                        -225.4178466796875
                    ],
                    "scale": [
                        1,
                        1,
                        1
                    ],
                    "rotation": 0,
                    "weight": [
                        0,
                        0,
                        0,
                        0
                    ],
                    "weightHard": false,
                    "weightScale": [
                        1,
                        1,
                        1
                    ],
                    "mirrored": true,
                    "twinId": 6,
                    "pathable": false,
                    "flooded": false,
                    "mergeable": false,
                    "no_features": false
                },
                {
                    "proj": "BP_Bend",
                    "spec": "/pa/terrain/jungle/brushes/jungle_volcano_06.json",
                    "height": 558.8185424804688,
                    "op": "BO_Add",
                    "position": [
                        -456.600830078125,
                        -230.28199768066406,
                        225.30882263183594
                    ],
                    "transform": [
                        0.5242092609405518,
                        -0.23996025323867798,
                        -0.8170824646949768,
                        -456.600830078125,
                        -0.23996025323867798,
                        0.8789784908294678,
                        -0.4120872914791107,
                        -230.28201293945312,
                        0.8170824646949768,
                        0.4120872914791107,
                        0.40318775177001953,
                        225.3087921142578
                    ],
                    "scale": [
                        1,
                        1,
                        1
                    ],
                    "rotation": 0,
                    "weight": [
                        0,
                        0,
                        0,
                        0
                    ],
                    "weightHard": false,
                    "weightScale": [
                        1,
                        1,
                        1
                    ],
                    "mirrored": false,
                    "twinId": 11,
                    "pathable": false,
                    "flooded": false,
                    "mergeable": false,
                    "no_features": false
                },
                {
                    "proj": "BP_Bend",
                    "spec": "/pa/terrain/jungle/brushes/jungle_volcano_06.json",
                    "height": 558.8185424804688,
                    "op": "BO_Add",
                    "position": [
                        -456.600830078125,
                        -230.28199768066406,
                        225.30882263183594
                    ],
                    "transform": [
                        0.5242092609405518,
                        -0.23996025323867798,
                        -0.8170824646949768,
                        -456.600830078125,
                        -0.23996025323867798,
                        0.8789784908294678,
                        -0.4120872914791107,
                        -230.28201293945312,
                        -0.8170824646949768,
                        -0.4120872914791107,
                        -0.40318775177001953,
                        -225.3087921142578
                    ],
                    "scale": [
                        1,
                        1,
                        1
                    ],
                    "rotation": 0,
                    "weight": [
                        0,
                        0,
                        0,
                        0
                    ],
                    "weightHard": false,
                    "weightScale": [
                        1,
                        1,
                        1
                    ],
                    "mirrored": true,
                    "twinId": 11,
                    "pathable": false,
                    "flooded": false,
                    "mergeable": false,
                    "no_features": false
                },
                {
                    "proj": "BP_Bend",
                    "spec": "/pa/terrain/jungle/brushes/jungle_volcano_06.json",
                    "height": 559.8796997070312,
                    "op": "BO_Add",
                    "position": [
                        -392.0574951171875,
                        -318.99456787109375,
                        240.8291015625
                    ],
                    "transform": [
                        0.6571294069290161,
                        -0.2789740264415741,
                        -0.7002530694007874,
                        -392.0574645996094,
                        -0.2789740264415741,
                        0.7730149030685425,
                        -0.5697555541992188,
                        -318.99456787109375,
                        0.7002530694007874,
                        0.5697555541992188,
                        0.4301443099975586,
                        240.82907104492188
                    ],
                    "scale": [
                        1,
                        1,
                        1
                    ],
                    "rotation": 0,
                    "weight": [
                        0,
                        0,
                        0,
                        0
                    ],
                    "weightHard": false,
                    "weightScale": [
                        1,
                        1,
                        1
                    ],
                    "mirrored": false,
                    "twinId": 12,
                    "pathable": false,
                    "flooded": false,
                    "mergeable": false,
                    "no_features": false
                },
                {
                    "proj": "BP_Bend",
                    "spec": "/pa/terrain/jungle/brushes/jungle_volcano_06.json",
                    "height": 559.8796997070312,
                    "op": "BO_Add",
                    "position": [
                        -392.0574951171875,
                        -318.99456787109375,
                        240.8291015625
                    ],
                    "transform": [
                        0.6571294069290161,
                        -0.2789740264415741,
                        -0.7002530694007874,
                        -392.0574645996094,
                        -0.2789740264415741,
                        0.7730149030685425,
                        -0.5697555541992188,
                        -318.99456787109375,
                        -0.7002530694007874,
                        -0.5697555541992188,
                        -0.4301443099975586,
                        -240.82907104492188
                    ],
                    "scale": [
                        1,
                        1,
                        1
                    ],
                    "rotation": 0,
                    "weight": [
                        0,
                        0,
                        0,
                        0
                    ],
                    "weightHard": false,
                    "weightScale": [
                        1,
                        1,
                        1
                    ],
                    "mirrored": true,
                    "twinId": 12,
                    "pathable": false,
                    "flooded": false,
                    "mergeable": false,
                    "no_features": false
                },
                {
                    "proj": "BP_Bend",
                    "spec": "/pa/terrain/jungle/brushes/jungle_volcano_06.json",
                    "height": 558.59228515625,
                    "op": "BO_Add",
                    "position": [
                        -374.2125244140625,
                        341.7254638671875,
                        234.9766387939453
                    ],
                    "transform": [
                        0.6840945482254028,
                        0.288480281829834,
                        -0.6699207425117493,
                        -374.2125549316406,
                        0.288480281829834,
                        0.7365639805793762,
                        0.6117619276046753,
                        341.7254943847656,
                        0.6699207425117493,
                        -0.6117619276046753,
                        0.42065858840942383,
                        234.9766387939453
                    ],
                    "scale": [
                        1,
                        1,
                        1
                    ],
                    "rotation": 0,
                    "weight": [
                        0,
                        0,
                        0,
                        0
                    ],
                    "weightHard": false,
                    "weightScale": [
                        1,
                        1,
                        1
                    ],
                    "mirrored": false,
                    "twinId": 13,
                    "pathable": false,
                    "flooded": false,
                    "mergeable": false,
                    "no_features": false
                },
                {
                    "proj": "BP_Bend",
                    "spec": "/pa/terrain/jungle/brushes/jungle_volcano_06.json",
                    "height": 558.59228515625,
                    "op": "BO_Add",
                    "position": [
                        -374.2125244140625,
                        341.7254638671875,
                        234.9766387939453
                    ],
                    "transform": [
                        0.6840945482254028,
                        0.288480281829834,
                        -0.6699207425117493,
                        -374.2125549316406,
                        0.288480281829834,
                        0.7365639805793762,
                        0.6117619276046753,
                        341.7254943847656,
                        -0.6699207425117493,
                        0.6117619276046753,
                        -0.42065858840942383,
                        -234.97662353515625
                    ],
                    "scale": [
                        1,
                        1,
                        1
                    ],
                    "rotation": 0,
                    "weight": [
                        0,
                        0,
                        0,
                        0
                    ],
                    "weightHard": false,
                    "weightScale": [
                        1,
                        1,
                        1
                    ],
                    "mirrored": true,
                    "twinId": 13,
                    "pathable": false,
                    "flooded": false,
                    "mergeable": false,
                    "no_features": false
                },
                {
                    "proj": "BP_Bend",
                    "spec": "/pa/terrain/desert/brushes/desert_plateau_10.json",
                    "height": 559.5780029296875,
                    "op": "BO_Add",
                    "position": [
                        57.8206787109375,
                        438.18505859375,
                        343.188232421875
                    ],
                    "transform": [
                        3.188753843307495,
                        -0.16099396347999573,
                        0.3316861093044281,
                        57.8206787109375,
                        -0.16099396347999573,
                        1.9899300336837769,
                        2.51363205909729,
                        438.1850891113281,
                        -0.3316861093044281,
                        -2.51363205909729,
                        1.9686862230300903,
                        343.188232421875
                    ],
                    "scale": [
                        3.2099978923797607,
                        3.2099978923797607,
                        3.2099978923797607
                    ],
                    "rotation": 0,
                    "weight": [
                        0,
                        0,
                        0,
                        0
                    ],
                    "weightHard": false,
                    "weightScale": [
                        1,
                        1,
                        1
                    ],
                    "mirrored": false,
                    "twinId": 25,
                    "pathable": false,
                    "flooded": false,
                    "mergeable": false,
                    "no_features": false
                },
                {
                    "proj": "BP_Bend",
                    "spec": "/pa/terrain/desert/brushes/desert_plateau_10.json",
                    "height": 559.5780029296875,
                    "op": "BO_Add",
                    "position": [
                        57.8206787109375,
                        438.18505859375,
                        343.188232421875
                    ],
                    "transform": [
                        3.188753843307495,
                        -0.16099396347999573,
                        0.3316861093044281,
                        57.8206787109375,
                        -0.16099396347999573,
                        1.9899300336837769,
                        2.51363205909729,
                        438.1850891113281,
                        0.3316861093044281,
                        2.51363205909729,
                        -1.9686862230300903,
                        -343.188232421875
                    ],
                    "scale": [
                        3.2099978923797607,
                        3.2099978923797607,
                        3.2099978923797607
                    ],
                    "rotation": 0,
                    "weight": [
                        0,
                        0,
                        0,
                        0
                    ],
                    "weightHard": false,
                    "weightScale": [
                        1,
                        1,
                        1
                    ],
                    "mirrored": true,
                    "twinId": 25,
                    "pathable": false,
                    "flooded": false,
                    "mergeable": false,
                    "no_features": false
                },
                {
                    "proj": "BP_Bend",
                    "spec": "/pa/terrain/desert/brushes/desert_plateau_10.json",
                    "height": 558.8546142578125,
                    "op": "BO_Add",
                    "position": [
                        19.442489624023438,
                        -442.5184326171875,
                        340.7607421875
                    ],
                    "transform": [
                        3.1958870887756348,
                        0.27914589643478394,
                        0.11167547106742859,
                        19.44249153137207,
                        -0.08226899802684784,
                        1.9587478637695312,
                        -2.541775941848755,
                        -442.5184020996094,
                        -0.2891809940338135,
                        2.527740478515625,
                        1.9572913646697998,
                        340.7607421875
                    ],
                    "scale": [
                        3.2099978923797607,
                        3.2099978923797607,
                        3.2099978923797607
                    ],
                    "rotation": -0.06999999284744263,
                    "weight": [
                        0,
                        0,
                        0,
                        0
                    ],
                    "weightHard": false,
                    "weightScale": [
                        1,
                        1,
                        1
                    ],
                    "mirrored": false,
                    "twinId": 26,
                    "pathable": false,
                    "flooded": false,
                    "mergeable": false,
                    "no_features": false
                },
                {
                    "proj": "BP_Bend",
                    "spec": "/pa/terrain/desert/brushes/desert_plateau_10.json",
                    "height": 558.8546142578125,
                    "op": "BO_Add",
                    "position": [
                        19.442489624023438,
                        -442.5184326171875,
                        340.7607421875
                    ],
                    "transform": [
                        3.1958870887756348,
                        0.27914589643478394,
                        0.11167547106742859,
                        19.442493438720703,
                        -0.08226899802684784,
                        1.9587478637695312,
                        -2.541775941848755,
                        -442.5184020996094,
                        0.2891809940338135,
                        -2.527740478515625,
                        -1.9572913646697998,
                        -340.7607421875
                    ],
                    "scale": [
                        3.2099978923797607,
                        3.2099978923797607,
                        3.2099978923797607
                    ],
                    "rotation": -0.06999999284744263,
                    "weight": [
                        0,
                        0,
                        0,
                        0
                    ],
                    "weightHard": false,
                    "weightScale": [
                        1,
                        1,
                        1
                    ],
                    "mirrored": true,
                    "twinId": 26,
                    "pathable": false,
                    "flooded": false,
                    "mergeable": false,
                    "no_features": false
                },
                {
                    "proj": "BP_Bend",
                    "spec": "/pa/terrain/jungle/brushes/jungle_plateau_06.json",
                    "height": 559.2803955078125,
                    "op": "BO_Add",
                    "position": [
                        -372.489990234375,
                        292.2719421386719,
                        297.6959228515625
                    ],
                    "transform": [
                        0.7105118632316589,
                        0.22714506089687347,
                        -0.6660165190696716,
                        -372.489990234375,
                        0.22714506089687347,
                        0.821772038936615,
                        0.5225856900215149,
                        292.2719421386719,
                        0.6660165190696716,
                        -0.5225856900215149,
                        0.5322839021682739,
                        297.6959533691406
                    ],
                    "scale": [
                        1,
                        1,
                        1
                    ],
                    "rotation": 0,
                    "weight": [
                        0,
                        0,
                        0,
                        0
                    ],
                    "weightHard": false,
                    "weightScale": [
                        1,
                        1,
                        1
                    ],
                    "mirrored": false,
                    "twinId": 27,
                    "pathable": false,
                    "flooded": false,
                    "mergeable": false,
                    "no_features": false
                },
                {
                    "proj": "BP_Bend",
                    "spec": "/pa/terrain/jungle/brushes/jungle_plateau_06.json",
                    "height": 559.2803955078125,
                    "op": "BO_Add",
                    "position": [
                        -372.489990234375,
                        292.2719421386719,
                        297.6959228515625
                    ],
                    "transform": [
                        0.7105118632316589,
                        0.22714506089687347,
                        -0.6660165190696716,
                        -372.489990234375,
                        0.22714506089687347,
                        0.821772038936615,
                        0.5225856900215149,
                        292.2719421386719,
                        -0.6660165190696716,
                        0.5225856900215149,
                        -0.5322839021682739,
                        -297.6959533691406
                    ],
                    "scale": [
                        1,
                        1,
                        1
                    ],
                    "rotation": 0,
                    "weight": [
                        0,
                        0,
                        0,
                        0
                    ],
                    "weightHard": false,
                    "weightScale": [
                        1,
                        1,
                        1
                    ],
                    "mirrored": true,
                    "twinId": 27,
                    "pathable": false,
                    "flooded": false,
                    "mergeable": false,
                    "no_features": false
                },
                {
                    "proj": "BP_Bend",
                    "spec": "/pa/terrain/jungle/brushes/jungle_plateau_06.json",
                    "height": 560.0670776367188,
                    "op": "BO_Add",
                    "position": [
                        -396.383056640625,
                        238.0970458984375,
                        316.01483154296875
                    ],
                    "transform": [
                        0.5474376678466797,
                        -0.44655707478523254,
                        -0.7077419757843018,
                        -396.3829650878906,
                        0.8348585367202759,
                        0.34968873858451843,
                        0.42512235045433044,
                        238.09703063964844,
                        0.057648032903671265,
                        -0.8235923647880554,
                        0.5642447471618652,
                        316.014892578125
                    ],
                    "scale": [
                        1,
                        1,
                        1
                    ],
                    "rotation": 0.9599993824958801,
                    "weight": [
                        0,
                        0,
                        0,
                        0
                    ],
                    "weightHard": false,
                    "weightScale": [
                        1,
                        1,
                        1
                    ],
                    "mirrored": false,
                    "twinId": 28,
                    "pathable": false,
                    "flooded": false,
                    "mergeable": false,
                    "no_features": false
                },
                {
                    "proj": "BP_Bend",
                    "spec": "/pa/terrain/jungle/brushes/jungle_plateau_06.json",
                    "height": 560.0670776367188,
                    "op": "BO_Add",
                    "position": [
                        -396.383056640625,
                        238.0970458984375,
                        316.01483154296875
                    ],
                    "transform": [
                        0.5474376678466797,
                        -0.44655707478523254,
                        -0.7077419757843018,
                        -396.3829345703125,
                        0.8348585367202759,
                        0.34968873858451843,
                        0.42512235045433044,
                        238.09703063964844,
                        -0.057648032903671265,
                        0.8235923647880554,
                        -0.5642447471618652,
                        -316.0148620605469
                    ],
                    "scale": [
                        1,
                        1,
                        1
                    ],
                    "rotation": 0.9599993824958801,
                    "weight": [
                        0,
                        0,
                        0,
                        0
                    ],
                    "weightHard": false,
                    "weightScale": [
                        1,
                        1,
                        1
                    ],
                    "mirrored": true,
                    "twinId": 28,
                    "pathable": false,
                    "flooded": false,
                    "mergeable": false,
                    "no_features": false
                },
                {
                    "proj": "BP_Bend",
                    "spec": "/pa/terrain/jungle/brushes/jungle_plateau_06.json",
                    "height": 559.5247192382812,
                    "op": "BO_Add",
                    "position": [
                        -417.0687255859375,
                        -173.80369567871094,
                        330.02105712890625
                    ],
                    "transform": [
                        0.6505157947540283,
                        -0.14563943445682526,
                        -0.7453981041908264,
                        -417.06866455078125,
                        -0.14563943445682526,
                        0.9393081665039062,
                        -0.3106273412704468,
                        -173.80368041992188,
                        0.7453981041908264,
                        0.3106273412704468,
                        0.5898239016532898,
                        330.02105712890625
                    ],
                    "scale": [
                        1,
                        1,
                        1
                    ],
                    "rotation": 0,
                    "weight": [
                        0,
                        0,
                        0,
                        0
                    ],
                    "weightHard": false,
                    "weightScale": [
                        1,
                        1,
                        1
                    ],
                    "mirrored": false,
                    "twinId": 34,
                    "pathable": false,
                    "flooded": false,
                    "mergeable": false,
                    "no_features": false
                },
                {
                    "proj": "BP_Bend",
                    "spec": "/pa/terrain/jungle/brushes/jungle_plateau_06.json",
                    "height": 559.5247192382812,
                    "op": "BO_Add",
                    "position": [
                        -417.0687255859375,
                        -173.80369567871094,
                        330.02105712890625
                    ],
                    "transform": [
                        0.6505157947540283,
                        -0.14563943445682526,
                        -0.7453981041908264,
                        -417.06866455078125,
                        -0.14563943445682526,
                        0.9393081665039062,
                        -0.3106273412704468,
                        -173.80368041992188,
                        -0.7453981041908264,
                        -0.3106273412704468,
                        -0.5898239016532898,
                        -330.02105712890625
                    ],
                    "scale": [
                        1,
                        1,
                        1
                    ],
                    "rotation": 0,
                    "weight": [
                        0,
