{
    "name": "Wizard 1vs1 System V2",
    "description": "1vs1 Land-Orbital system.",
    "creator": "GreatBalancer",
    "version": "1.0",
    "planets": [
        {
            "name": "Winterborn",
            "mass": 20000,
            "position_x": 20999.99609375,
            "position_y": -1600.001953125,
            "velocity_x": 11.70552921295166,
            "velocity_y": 153.63494873046875,
            "required_thrust_to_move": 0,
            "starting_planet": true,
            "respawn": false,
            "start_destroyed": false,
            "min_spawn_delay": 0,
            "max_spawn_delay": 0,
            "planet": {
                "seed": 539722944,
                "radius": 425,
                "heightRange": 35,
                "waterHeight": 12,
                "waterDepth": 100,
                "temperature": 0,
                "metalDensity": 0,
                "metalClusters": 0,
                "metalSpotLimit": -1,
                "biomeScale": 50,
                "biome": "earth",
                "symmetryType": "terrain and CSG",
                "symmetricalMetal": true,
                "symmetricalStarts": false,
                "numArmies": 2,
                "landingZonesPerArmy": 0,
                "landingZoneSize": 0,
                "heightAdjustments": []
            },
            "planetCSG": [
                {
                    "spec": "/pa/terrain/ice/brushes/ice_cliff_11.json",
                    "proj": "BP_Bend",
                    "op": "BO_Add",
                    "position": [
                        377.20587158203125,
                        -2.3286858484810984e-14,
                        183.56187438964844
                    ],
                    "height": 419.49884033203125,
                    "transform": [
                        0.42154592275619507,
                        -0.11734679341316223,
                        0.8991822004318237,
                        377.2059020996094,
                        0.26817572116851807,
                        0.9633700251579285,
                        -5.5511137996368026e-17,
                        -2.3286858484810984e-14,
                        -0.8662451505661011,
                        0.24113883078098297,
                        0.43757426738739014,
                        183.56190490722656
                    ],
                    "scale": [
                        1,
                        1,
                        1
                    ],
                    "rotation": 0.2714988887310028,
                    "weight": [
                        1,
                        1,
                        1,
                        1
                    ],
                    "weightHard": true,
                    "weightScale": [
                        4,
                        4,
                        4
                    ],
                    "mirrored": false,
                    "twinId": 0,
                    "flooded": false,
                    "pathable": false,
                    "mergeable": false,
                    "no_features": false
                },
                {
                    "spec": "/pa/terrain/ice/brushes/ice_cliff_10.json",
                    "proj": "BP_Bend",
                    "op": "BO_Add",
                    "position": [
                        -76.99126434326172,
                        -84.37565612792969,
                        417.2307434082031
                    ],
                    "height": 432.5833740234375,
                    "transform": [
                        -0.43534988164901733,
                        0.8824928402900696,
                        -0.17798015475273132,
                        -76.99125671386719,
                        -0.8634095191955566,
                        -0.46527332067489624,
                        -0.19505059719085693,
                        -84.37564849853516,
                        -0.2549401819705963,
                        0.06875450164079666,
                        0.9645093679428101,
                        417.230712890625
                    ],
                    "scale": [
                        1,
                        1,
                        1
                    ],
                    "rotation": 4.236142158508301,
                    "weight": [
                        1,
                        1,
                        1,
                        1
                    ],
                    "weightHard": true,
                    "weightScale": [
                        2,
                        2,
                        2
                    ],
                    "mirrored": false,
                    "twinId": 0,
                    "flooded": false,
                    "pathable": false,
                    "mergeable": false,
                    "no_features": false
                },
                {
                    "spec": "/pa/terrain/ice/brushes/ice_cliff_11.json",
                    "proj": "BP_Bend",
                    "op": "BO_Add",
                    "position": [
                        122.7858657836914,
                        297.3753356933594,
                        264.8269958496094
                    ],
                    "height": 416.7035217285156,
                    "transform": [
                        -0.9166283011436462,
                        -0.2701260447502136,
                        0.2946600317955017,
                        122.78587341308594,
                        0.3990710973739624,
                        -0.575728714466095,
                        0.7136377096176147,
                        297.3753356933594,
                        -0.02312791347503662,
                        0.7717308402061462,
                        0.6355286836624146,
                        264.8270263671875
                    ],
                    "scale": [
                        1,
                        1,
                        1
                    ],
                    "rotation": 2.7200565338134766,
                    "weight": [
                        1,
                        1,
                        1,
                        1
                    ],
                    "weightHard": true,
                    "weightScale": [
                        4,
                        4,
                        4
                    ],
                    "mirrored": false,
                    "twinId": 0,
                    "flooded": false,
                    "pathable": false,
                    "mergeable": false,
                    "no_features": false
                },
                {
                    "spec": "/pa/terrain/ice/brushes/ice_cliff_06.json",
                    "proj": "BP_Bend",
                    "op": "BO_Add",
                    "position": [
                        114.85887145996094,
                        -199.13067626953125,
                        353.8105773925781
                    ],
                    "height": 421.93304443359375,
                    "transform": [
                        0.35235172510147095,
                        -0.895401656627655,
                        0.2722206115722656,
                        114.85887145996094,
                        0.8598204255104065,
                        0.19486795365810394,
                        -0.471948504447937,
                        -199.13067626953125,
                        0.3695363998413086,
                        0.40035268664360046,
                        0.8385466933250427,
                        353.810546875
                    ],
                    "scale": [
                        1,
                        1,
                        1
                    ],
                    "rotation": 1.2685797214508057,
                    "weight": [
                        1,
                        1,
                        1,
                        1
                    ],
                    "weightHard": true,
                    "weightScale": [
                        2,
                        2,
                        2
                    ],
                    "mirrored": false,
                    "twinId": 0,
                    "flooded": false,
                    "pathable": false,
                    "mergeable": false,
                    "no_features": false
                },
                {
                    "spec": "/pa/terrain/ice/brushes/ice_cliff_08.json",
                    "proj": "BP_Bend",
                    "op": "BO_Add",
                    "position": [
                        146.619140625,
                        -103.69652557373047,
                        382.54541015625
                    ],
                    "height": 422.6004638671875,
                    "transform": [
                        0.4029664099216461,
                        -0.8469045162200928,
                        0.3469451367855072,
                        146.61917114257812,
                        0.9105411171913147,
                        0.3327235281467438,
                        -0.2453772872686386,
                        -103.6965560913086,
                        0.09237432479858398,
                        0.4147866368293762,
                        0.905217707157135,
                        382.54541015625
                    ],
                    "scale": [
                        1,
                        1,
                        1
                    ],
                    "rotation": 1.1743477582931519,
                    "weight": [
                        1,
                        1,
                        1,
                        1
                    ],
                    "weightHard": true,
                    "weightScale": [
                        2,
                        2,
                        2
                    ],
                    "mirrored": false,
                    "twinId": 0,
                    "flooded": false,
                    "pathable": false,
                    "mergeable": false,
                    "no_features": false
                },
                {
                    "spec": "/pa/terrain/ice/brushes/ice_cliff_04.json",
                    "proj": "BP_Bend",
                    "op": "BO_Add",
                    "position": [
                        285.87396240234375,
                        285.87396240234375,
                        97.53266143798828
                    ],
                    "height": 415.8851623535156,
                    "transform": [
                        -0.639951765537262,
                        0.3434547483921051,
                        0.687386691570282,
                        285.8739318847656,
                        0.42053332924842834,
                        -0.5921580195426941,
                        0.687386691570282,
                        285.8739318847656,
                        0.6431277990341187,
                        0.7289633750915527,
                        0.2345184087753296,
                        97.53273010253906
                    ],
                    "scale": [
                        1,
                        1,
                        1
                    ],
                    "rotation": 3.079115867614746,
                    "weight": [
                        1,
                        1,
                        1,
                        1
                    ],
                    "weightHard": false,
                    "weightScale": [
                        6,
                        6,
                        6
                    ],
                    "mirrored": false,
                    "twinId": 0,
                    "flooded": false,
                    "pathable": false,
                    "mergeable": false,
                    "no_features": false
                },
                {
                    "spec": "/pa/terrain/ice/brushes/ice_cliff_01.json",
                    "proj": "BP_Bend",
                    "op": "BO_Add",
                    "position": [
                        285.87396240234375,
                        285.87396240234375,
                        97.53266143798828
                    ],
                    "height": 415.8851623535156,
                    "transform": [
                        -0.6757413148880005,
                        -0.26621997356414795,
                        0.6873866319656372,
                        285.8739318847656,
                        0.7236436605453491,
                        -0.06196156144142151,
                        0.6873866319656372,
                        285.8739318847656,
                        -0.14040452241897583,
                        0.9619186520576477,
                        0.2345183938741684,
                        97.53273010253906
                    ],
                    "scale": [
                        1,
                        1,
                        1
                    ],
                    "rotation": 2.2112550735473633,
                    "weight": [
                        1,
                        1,
                        1,
                        1
                    ],
                    "weightHard": false,
                    "weightScale": [
                        4,
                        4,
                        4
                    ],
                    "mirrored": false,
                    "twinId": 0,
                    "flooded": false,
                    "pathable": false,
                    "mergeable": false,
                    "no_features": false
                },
                {
                    "spec": "/pa/terrain/ice/brushes/ice_cliff_01.json",
                    "proj": "BP_Bend",
                    "op": "BO_Add",
                    "position": [
                        351.4515075683594,
                        -214.07135009765625,
                        95.26788330078125
                    ],
                    "height": 422.398681640625,
                    "transform": [
                        0.5231595635414124,
                        -0.18443942070007324,
                        0.8320374488830566,
                        351.4515075683594,
                        0.8520978689193726,
                        0.1307050883769989,
                        -0.5067992806434631,
                        -214.07135009765625,
                        -0.015277773141860962,
                        0.974114179611206,
                        0.22554004192352295,
                        95.26781463623047
                    ],
                    "scale": [
                        1,
                        1,
                        1
                    ],
                    "rotation": 1.0080254077911377,
                    "weight": [
                        1,
                        1,
                        1,
                        1
                    ],
                    "weightHard": false,
                    "weightScale": [
                        4,
                        4,
                        4
                    ],
                    "mirrored": false,
                    "twinId": 0,
                    "flooded": false,
                    "pathable": false,
                    "mergeable": false,
                    "no_features": false
                },
                {
                    "spec": "/pa/terrain/ice/brushes/ice_cliff_02.json",
                    "proj": "BP_Bend",
                    "op": "BO_Add",
                    "position": [
                        -170.90065002441406,
                        76.36567687988281,
                        377.62200927734375
                    ],
                    "height": 421.4701843261719,
                    "transform": [
                        0.33169811964035034,
                        0.8517961502075195,
                        -0.40548694133758545,
                        -170.90065002441406,
                        -0.884186327457428,
                        0.4305638074874878,
                        0.18118879199028015,
                        76.36567687988281,
                        0.32892391085624695,
                        0.2984260320663452,
                        0.895963728427887,
                        377.62200927734375
                    ],
                    "scale": [
                        1,
                        1,
                        1
                    ],
                    "rotation": 5.126137733459473,
                    "weight": [
                        1,
                        1,
                        1,
                        1
                    ],
                    "weightHard": false,
                    "weightScale": [
                        4,
                        4,
                        4
                    ],
                    "mirrored": false,
                    "twinId": 0,
                    "flooded": false,
                    "pathable": false,
                    "mergeable": false,
                    "no_features": false
                },
                {
                    "spec": "/pa/terrain/ice/brushes/ice_cliff_01.json",
                    "proj": "BP_Bend",
                    "op": "BO_Add",
                    "position": [
                        201.6645050048828,
                        158.86691284179688,
                        326.4595642089844
                    ],
                    "height": 415.31085205078125,
                    "transform": [
                        0.735893189907074,
                        -0.4718879461288452,
                        0.485574871301651,
                        201.66452026367188,
                        0.3065154552459717,
                        0.8716206550598145,
                        0.38252532482147217,
                        158.86691284179688,
                        -0.6037461757659912,
                        -0.1326615959405899,
                        0.7860606908798218,
                        326.45953369140625
                    ],
                    "scale": [
                        1,
                        1,
                        1
                    ],
                    "rotation": 0.45095065236091614,
                    "weight": [
                        1,
                        1,
                        1,
                        1
                    ],
                    "weightHard": false,
                    "weightScale": [
                        4,
                        4,
                        4
                    ],
                    "mirrored": false,
                    "twinId": 0,
                    "flooded": false,
                    "pathable": false,
                    "mergeable": false,
                    "no_features": false
                },
                {
                    "spec": "/pa/terrain/ice/brushes/ice_cliff_03.json",
                    "proj": "BP_Bend",
                    "op": "BO_Add",
                    "position": [
                        315.0874328613281,
                        126.42595672607422,
                        228.28518676757812
                    ],
                    "height": 409.1182556152344,
                    "transform": [
                        -0.4647483825683594,
                        0.4368742108345032,
                        0.7701622247695923,
                        315.08746337890625,
                        -0.32730627059936523,
                        -0.8929595947265625,
                        0.3090205788612366,
                        126.42597198486328,
                        0.8227269649505615,
                        -0.1084621250629425,
                        0.5579931139945984,
                        228.28518676757812
                    ],
                    "scale": [
                        1,
                        1,
                        1
                    ],
                    "rotation": 3.654244899749756,
                    "weight": [
                        1,
                        1,
                        1,
                        1
                    ],
                    "weightHard": false,
                    "weightScale": [
                        5,
                        5,
                        5
                    ],
                    "mirrored": false,
                    "twinId": 0,
                    "flooded": false,
                    "pathable": false,
                    "mergeable": false,
                    "no_features": false
                },
                {
                    "spec": "/pa/terrain/ice/brushes/ice_cliff_04.json",
                    "proj": "BP_Bend",
                    "op": "BO_Add",
                    "position": [
                        139.50408935546875,
                        261.08111572265625,
                        289.2065124511719
                    ],
                    "height": 413.84197998046875,
                    "transform": [
                        -0.782882571220398,
                        0.5229357481002808,
                        0.3370950520038605,
                        139.50408935546875,
                        -0.22446036338806152,
                        -0.7427103519439697,
                        0.6308714747428894,
                        261.08111572265625,
                        0.5802692770957947,
                        0.41823387145996094,
                        0.6988332867622375,
                        289.2065734863281
                    ],
                    "scale": [
                        1,
                        1,
                        1
                    ],
                    "rotation": 3.5971319675445557,
                    "weight": [
                        1,
                        1,
                        1,
                        1
                    ],
                    "weightHard": false,
                    "weightScale": [
                        6,
                        6,
                        6
                    ],
                    "mirrored": false,
                    "twinId": 0,
                    "flooded": false,
                    "pathable": false,
                    "mergeable": false,
                    "no_features": false
                },
                {
                    "spec": "/pa/terrain/ice/brushes/ice_cliff_01.json",
                    "proj": "BP_Bend",
                    "op": "BO_Add",
                    "position": [
                        401.2813720703125,
                        49.332828521728516,
                        108.77525329589844
                    ],
                    "height": 418.67950439453125,
                    "transform": [
                        -0.28491321206092834,
                        -0.01439577341079712,
                        0.958445131778717,
                        401.2813720703125,
                        0.4413251280784607,
                        -0.8895776271820068,
                        0.11782956123352051,
                        49.33282470703125,
                        0.8509151339530945,
                        0.45655712485313416,
                        0.2598055899143219,
                        108.7752914428711
                    ],
                    "scale": [
                        1,
                        1,
                        1
                    ],
                    "rotation": 2.7714600563049316,
                    "weight": [
                        1,
                        1,
                        1,
                        1
                    ],
                    "weightHard": false,
                    "weightScale": [
                        4,
                        4,
                        4
                    ],
                    "mirrored": false,
                    "twinId": 0,
                    "flooded": false,
                    "pathable": false,
                    "mergeable": false,
                    "no_features": false
                },
                {
                    "spec": "/pa/terrain/ice/brushes/ice_cliff_01.json",
                    "proj": "BP_Bend",
                    "op": "BO_Add",
                    "position": [
                        331.5552978515625,
                        -259.8316345214844,
                        22.216007232666016
                    ],
                    "height": 421.8233337402344,
                    "transform": [
                        0.27091944217681885,
                        0.5556965470314026,
                        0.7860050201416016,
                        331.5552673339844,
                        0.2666197717189789,
                        0.7412769794464111,
                        -0.6159725785255432,
                        -259.83160400390625,
                        -0.9249413013458252,
                        0.37644338607788086,
                        0.052666664123535156,
                        22.216028213500977
                    ],
                    "scale": [
                        1,
                        1,
                        1
                    ],
                    "rotation": 6.004997253417969,
                    "weight": [
                        1,
                        1,
                        1,
                        1
                    ],
                    "weightHard": false,
                    "weightScale": [
                        4,
                        4,
                        4
                    ],
                    "mirrored": false,
                    "twinId": 0,
                    "flooded": false,
                    "pathable": false,
                    "mergeable": false,
                    "no_features": false
                },
                {
                    "spec": "/pa/terrain/ice/brushes/ice_cliff_02.json",
                    "proj": "BP_Bend",
                    "op": "BO_Add",
                    "position": [
                        399.41632080078125,
                        -24.631332397460938,
                        136.27032470703125
                    ],
                    "height": 422.7406921386719,
                    "transform": [
                        0.21464839577674866,
                        -0.24744755029678345,
                        0.9448258280754089,
                        399.41632080078125,
                        0.8534730076789856,
                        0.5178695917129517,
                        -0.05826582387089729,
                        -24.63133430480957,
                        -0.47487881779670715,
                        0.8188899755477905,
                        0.3223496675491333,
                        136.27032470703125
                    ],
                    "scale": [
                        1,
                        1,
                        1
                    ],
                    "rotation": 0.9836929440498352,
                    "weight": [
                        1,
                        1,
                        1,
                        1
                    ],
                    "weightHard": false,
                    "weightScale": [
                        4,
                        4,
                        4
                    ],
                    "mirrored": false,
                    "twinId": 0,
                    "flooded": false,
                    "pathable": false,
                    "mergeable": false,
                    "no_features": false
                },
                {
                    "spec": "/pa/terrain/ice/brushes/ice_cliff_02.json",
                    "proj": "BP_Bend",
                    "op": "BO_Add",
                    "position": [
                        369.90484619140625,
                        -168.9856414794922,
                        126.20177459716797
                    ],
                    "height": 425.8082275390625,
                    "transform": [
                        -0.4588499367237091,
                        -0.18653568625450134,
                        0.868712306022644,
                        369.9048767089844,
                        -0.419442355632782,
                        -0.8164382576942444,
                        -0.3968585431575775,
                        -168.9856414794922,
                        0.783278226852417,
                        -0.5464732646942139,
                        0.2963816225528717,
                        126.20174407958984
                    ],
                    "scale": [
                        1,
                        1,
                        1
                    ],
                    "rotation": 3.322232484817505,
                    "weight": [
                        1,
                        1,
                        1,
                        1
                    ],
                    "weightHard": false,
                    "weightScale": [
                        4,
                        4,
                        4
                    ],
                    "mirrored": false,
                    "twinId": 0,
                    "flooded": false,
                    "pathable": false,
                    "mergeable": false,
                    "no_features": false
                },
                {
                    "spec": "/pa/terrain/ice/brushes/ice_cliff_02.json",
                    "proj": "BP_Bend",
                    "op": "BO_Add",
                    "position": [
                        289.2452392578125,
                        -289.2452392578125,
                        98.68285369873047
                    ],
                    "height": 420.78961181640625,
                    "transform": [
                        0.7243813276290894,
                        -0.052641481161117554,
                        0.6873867511749268,
                        289.2452087402344,
                        0.6722584962844849,
                        0.27489611506462097,
                        -0.6873867511749268,
                        -289.2452087402344,
                        -0.1527748703956604,
                        0.9600316882133484,
                        0.23451828956604004,
                        98.682861328125
                    ],
                    "scale": [
                        1,
                        1,
                        1
                    ],
                    "rotation": 0.6275861859321594,
                    "weight": [
                        1,
                        1,
                        1,
                        1
                    ],
                    "weightHard": false,
                    "weightScale": [
                        4,
                        4,
                        4
                    ],
                    "mirrored": false,
                    "twinId": 0,
                    "flooded": false,
                    "pathable": false,
                    "mergeable": false,
                    "no_features": false
                },
                {
                    "spec": "/pa/terrain/ice/brushes/ice_cliff_01.json",
                    "proj": "BP_Bend",
                    "op": "BO_Add",
                    "position": [
                        72.57003021240234,
                        -159.268798828125,
                        385.7333984375
                    ],
                    "height": 423.5837707519531,
                    "transform": [
                        0.8777759075164795,
                        0.44738978147506714,
                        0.17132394015789032,
                        72.57003784179688,
                        -0.3614773750305176,
                        0.853203296661377,
                        -0.37600311636924744,
                        -159.26881408691406,
                        -0.31439411640167236,
                        0.2681167721748352,
                        0.9106425046920776,
                        385.7333984375
                    ],
                    "scale": [
                        1,
                        1,
                        1
                    ],
                    "rotation": 5.846047401428223,
                    "weight": [
                        1,
                        1,
                        1,
                        1
                    ],
                    "weightHard": false,
                    "weightScale": [
                        4,
                        4,
                        4
                    ],
                    "mirrored": false,
                    "twinId": 0,
                    "flooded": false,
                    "pathable": false,
                    "mergeable": false,
                    "no_features": false
                },
                {
                    "spec": "/pa/terrain/ice/brushes/ice_cliff_03.json",
                    "proj": "BP_Bend",
                    "op": "BO_Add",
                    "position": [
                        280.2802734375,
                        280.2802734375,
                        115.72734832763672
                    ],
                    "height": 412.9248046875,
                    "transform": [
                        -0.5736051201820374,
                        0.4585309624671936,
                        0.6787683367729187,
                        280.2802734375,
                        0.25175726413726807,
                        -0.6898490786552429,
                        0.6787683367729187,
                        280.2802734375,
                        0.7794840335845947,
                        0.5602298974990845,
                        0.2802625298500061,
                        115.72734832763672
                    ],
                    "scale": [
                        1,
                        1,
                        1
                    ],
                    "rotation": 3.303812026977539,
                    "weight": [
                        1,
                        1,
                        1,
                        1
                    ],
                    "weightHard": false,
                    "weightScale": [
                        5,
                        5,
                        5
                    ],
                    "mirrored": false,
                    "twinId": 0,
                    "flooded": false,
                    "pathable": false,
                    "mergeable": false,
                    "no_features": false
                },
                {
                    "spec": "/pa/terrain/ice/brushes/ice_cliff_02.json",
                    "proj": "BP_Bend",
                    "op": "BO_Add",
                    "position": [
                        280.2802734375,
                        280.2802734375,
                        115.72734832763672
                    ],
                    "height": 412.9248046875,
                    "transform": [
                        0.726607084274292,
                        -0.1063753217458725,
                        0.6787683367729187,
                        280.2802734375,
                        -0.5654905438423157,
                        0.46850183606147766,
                        0.6787683367729187,
                        280.2802734375,
                        -0.3902084231376648,
                        -0.8770349621772766,
                        0.2802625298500061,
                        115.72734832763672
                    ],
                    "scale": [
                        1,
                        1,
                        1
                    ],
                    "rotation": 5.916406631469727,
                    "weight": [
                        1,
                        1,
                        1,
                        1
                    ],
                    "weightHard": false,
                    "weightScale": [
                        4,
                        4,
                        4
                    ],
                    "mirrored": false,
                    "twinId": 0,
                    "flooded": false,
                    "pathable": false,
                    "mergeable": false,
                    "no_features": false
                },
                {
                    "spec": "/pa/terrain/ice/brushes/ice_cliff_02.json",
                    "proj": "BP_Bend",
                    "op": "BO_Add",
                    "position": [
                        285.920166015625,
                        77.50431823730469,
                        285.920166015625
                    ],
                    "height": 411.7130432128906,
                    "transform": [
                        0.17497311532497406,
                        -0.6979277729988098,
                        0.6944646835327148,
                        285.920166015625,
                        0.8920126557350159,
                        0.41094523668289185,
                        0.1882483810186386,
                        77.50431060791016,
                        -0.4167707562446594,
                        0.5865328907966614,
                        0.6944648027420044,
                        285.92022705078125
                    ],
                    "scale": [
                        1,
                        1,
                        1
                    ],
                    "rotation": 1.2177224159240723,
                    "weight": [
                        1,
                        1,
                        1,
                        1
                    ],
                    "weightHard": false,
                    "weightScale": [
                        4,
                        4,
                        4
                    ],
                    "mirrored": false,
                    "twinId": 0,
                    "flooded": false,
                    "pathable": false,
                    "mergeable": false,
                    "no_features": false
                },
                {
                    "spec": "/pa/terrain/ice/brushes/ice_cliff_03.json",
                    "proj": "BP_Bend",
                    "op": "BO_Add",
                    "position": [
                        285.920166015625,
                        77.50431823730469,
                        285.920166015625
                    ],
                    "height": 411.7130432128906,
                    "transform": [
                        0.6223306655883789,
                        -0.3611416220664978,
                        0.6944646835327148,
                        285.920166015625,
                        0.3272852301597595,
                        0.925984263420105,
                        0.1882483810186386,
                        77.50431060791016,
                        -0.7110477089881897,
                        0.1101352870464325,
                        0.6944648027420044,
                        285.92022705078125
                    ],
                    "scale": [
                        1,
                        1,
                        1
                    ],
                    "rotation": 0.4183790385723114,
                    "weight": [
                        1,
                        1,
                        1,
                        1
                    ],
                    "weightHard": false,
                    "weightScale": [
                        5,
                        5,
                        5
                    ],
                    "mirrored": false,
