{
    "name": "Yeti 5vs5 System V2",
    "description": "5vs5 team game map.Landmass.",
    "creator": "GreatBalancer",
    "version": "1.0",
    "planets": [
        {
            "name": "Yeti",
            "mass": 20000,
            "position_x": -5300,
            "position_y": 49800,
            "velocity_x": -99.3577651977539,
            "velocity_y": -10.574223518371582,
            "required_thrust_to_move": 0,
            "starting_planet": true,
            "respawn": false,
            "start_destroyed": false,
            "min_spawn_delay": 0,
            "max_spawn_delay": 0,
            "planet": {
                "seed": 312074368,
                "radius": 635,
                "heightRange": 35,
                "waterHeight": 0,
                "waterDepth": 100,
                "temperature": 0,
                "metalDensity": 0,
                "metalClusters": 0,
                "metalSpotLimit": -1,
                "biomeScale": 50,
                "biome": "icey",
                "symmetryType": "terrain and CSG",
                "symmetricalMetal": true,
                "symmetricalStarts": false,
                "numArmies": 2,
                "landingZonesPerArmy": 0,
                "landingZoneSize": 0,
                "heightAdjustments": []
            },
            "planetCSG": [
                {
                    "proj": "BP_Bend",
                    "spec": "/pa/terrain/ice/brushes/ice_cliff_07.json",
                    "height": 625.2521362304688,
                    "op": "BO_Add",
                    "position": [
                        66.13816833496094,
                        -603.65087890625,
                        148.90139770507812
                    ],
                    "transform": [
                        0.9909630417823792,
                        0.08248133957386017,
                        0.10577838867902756,
                        66.1381607055664,
                        0.08248133957386017,
                        0.24718314409255981,
                        -0.9654518365859985,
                        -603.6508178710938,
                        -0.10577838867902756,
                        0.9654518365859985,
                        0.23814618587493896,
                        148.9014129638672
                    ],
                    "scale": [
                        1,
                        1,
                        1
                    ],
                    "rotation": 0,
                    "weight": [
                        0,
                        0,
                        0,
                        0
                    ],
                    "weightHard": false,
                    "weightScale": [
                        1,
                        1,
                        1
                    ],
                    "mirrored": false,
                    "twinId": 1,
                    "pathable": false,
                    "flooded": false,
                    "mergeable": false,
                    "no_features": false
                },
                {
                    "proj": "BP_Bend",
                    "spec": "/pa/terrain/ice/brushes/ice_cliff_07.json",
                    "height": 625.2521362304688,
                    "op": "BO_Add",
                    "position": [
                        66.13816833496094,
                        -603.65087890625,
                        148.90139770507812
                    ],
                    "transform": [
                        0.9909630417823792,
                        0.08248133957386017,
                        0.10577838867902756,
                        66.1381607055664,
                        0.08248133957386017,
                        0.24718314409255981,
                        -0.9654518365859985,
                        -603.6508178710938,
                        0.10577838867902756,
                        -0.9654518365859985,
                        -0.23814618587493896,
                        -148.9014129638672
                    ],
                    "scale": [
                        1,
                        1,
                        1
                    ],
                    "rotation": 0,
                    "weight": [
                        0,
                        0,
                        0,
                        0
                    ],
                    "weightHard": false,
                    "weightScale": [
                        1,
                        1,
                        1
                    ],
                    "mirrored": true,
                    "twinId": 1,
                    "pathable": false,
                    "flooded": false,
                    "mergeable": false,
                    "no_features": false
                },
                {
                    "proj": "BP_Bend",
                    "spec": "/pa/terrain/ice/brushes/ice_cliff_11.json",
                    "height": 642.015380859375,
                    "op": "BO_Add",
                    "position": [
                        -108.7426528930664,
                        -623.195556640625,
                        109.4809341430664
                    ],
                    "transform": [
                        0.9754908680915833,
                        -0.14045977592468262,
                        -0.16937702894210815,
                        -108.74266052246094,
                        -0.14045977592468262,
                        0.1950361728668213,
                        -0.9706862568855286,
                        -623.1954956054688,
                        0.16937702894210815,
                        0.9706862568855286,
                        0.17052704095840454,
                        109.4809799194336
                    ],
                    "scale": [
                        1,
                        1,
                        1
                    ],
                    "rotation": 0,
                    "weight": [
                        0,
                        0,
                        0,
                        0
                    ],
                    "weightHard": false,
                    "weightScale": [
                        1,
                        1,
                        1
                    ],
                    "mirrored": false,
                    "twinId": 2,
                    "pathable": false,
                    "flooded": false,
                    "mergeable": false,
                    "no_features": false
                },
                {
                    "proj": "BP_Bend",
                    "spec": "/pa/terrain/ice/brushes/ice_cliff_11.json",
                    "height": 642.015380859375,
                    "op": "BO_Add",
                    "position": [
                        -108.7426528930664,
                        -623.195556640625,
                        109.4809341430664
                    ],
                    "transform": [
                        0.9754908680915833,
                        -0.14045977592468262,
                        -0.16937702894210815,
                        -108.74266052246094,
                        -0.14045977592468262,
                        0.1950361728668213,
                        -0.9706862568855286,
                        -623.1954956054688,
                        -0.16937702894210815,
                        -0.9706862568855286,
                        -0.17052704095840454,
                        -109.4809799194336
                    ],
                    "scale": [
                        1,
                        1,
                        1
                    ],
                    "rotation": 0,
                    "weight": [
                        0,
                        0,
                        0,
                        0
                    ],
                    "weightHard": false,
                    "weightScale": [
                        1,
                        1,
                        1
                    ],
                    "mirrored": true,
                    "twinId": 2,
                    "pathable": false,
                    "flooded": false,
                    "mergeable": false,
                    "no_features": false
                },
                {
                    "proj": "BP_Bend",
                    "spec": "/pa/terrain/metal/brushes/metal_structure_06.json",
                    "height": 635.907470703125,
                    "op": "BO_Add",
                    "position": [
                        452.88134765625,
                        -367.154052734375,
                        -253.9185791015625
                    ],
                    "transform": [
                        -0.7273911833763123,
                        1.519675612449646,
                        1.7092337608337402,
                        452.8813171386719,
                        0.62441486120224,
                        1.8574090003967285,
                        -1.3856878280639648,
                        -367.154052734375,
                        -2.2002272605895996,
                        0.024722576141357422,
                        -0.9583219885826111,
                        -253.91851806640625
                    ],
                    "scale": [
                        2.399998664855957,
                        2.399998664855957,
                        2.399998664855957
                    ],
                    "rotation": -0.6699996590614319,
                    "weight": [
                        0,
                        0,
                        0,
                        0
                    ],
                    "weightHard": false,
                    "weightScale": [
                        1,
                        1,
                        1
                    ],
                    "mirrored": false,
                    "twinId": 3,
                    "pathable": false,
                    "flooded": false,
                    "mergeable": false,
                    "no_features": false
                },
                {
                    "proj": "BP_Bend",
                    "spec": "/pa/terrain/metal/brushes/metal_structure_06.json",
                    "height": 635.907470703125,
                    "op": "BO_Add",
                    "position": [
                        452.88134765625,
                        -367.154052734375,
                        -253.9185791015625
                    ],
                    "transform": [
                        -0.7273911833763123,
                        1.519675612449646,
                        1.7092337608337402,
                        452.8813171386719,
                        0.62441486120224,
                        1.8574090003967285,
                        -1.3856878280639648,
                        -367.154052734375,
                        2.2002272605895996,
                        -0.024722576141357422,
                        0.9583219885826111,
                        253.91851806640625
                    ],
                    "scale": [
                        2.399998664855957,
                        2.399998664855957,
                        2.399998664855957
                    ],
                    "rotation": -0.6699996590614319,
                    "weight": [
                        0,
                        0,
                        0,
                        0
                    ],
                    "weightHard": false,
                    "weightScale": [
                        1,
                        1,
                        1
                    ],
                    "mirrored": true,
                    "twinId": 3,
                    "pathable": false,
                    "flooded": false,
                    "mergeable": false,
                    "no_features": false
                },
                {
                    "proj": "BP_Bend",
                    "spec": "/pa/terrain/ice/brushes/ice_cliff_11.json",
                    "height": 630.62744140625,
                    "op": "BO_Add",
                    "position": [
                        363.3389892578125,
                        -231.41506958007812,
                        -460.56793212890625
                    ],
                    "transform": [
                        -0.23097753524780273,
                        0.784024715423584,
                        0.5761545896530151,
                        363.3388977050781,
                        0.784024715423584,
                        0.5006450414657593,
                        -0.36695992946624756,
                        -231.41500854492188,
                        -0.5761545896530151,
                        0.36695992946624756,
                        -0.7303324937820435,
                        -460.5677185058594
                    ],
                    "scale": [
                        1,
                        1,
                        1
                    ],
                    "rotation": 0,
                    "weight": [
                        0,
                        0,
                        0,
                        0
                    ],
                    "weightHard": false,
                    "weightScale": [
                        1,
                        1,
                        1
                    ],
                    "mirrored": false,
                    "twinId": 5,
                    "pathable": false,
                    "flooded": false,
                    "mergeable": false,
                    "no_features": false
                },
                {
                    "proj": "BP_Bend",
                    "spec": "/pa/terrain/ice/brushes/ice_cliff_11.json",
                    "height": 630.62744140625,
                    "op": "BO_Add",
                    "position": [
                        363.3389892578125,
                        -231.41506958007812,
                        -460.56793212890625
                    ],
                    "transform": [
                        -0.23097753524780273,
                        0.784024715423584,
                        0.5761545896530151,
                        363.3388977050781,
                        0.784024715423584,
                        0.5006450414657593,
                        -0.36695992946624756,
                        -231.41500854492188,
                        0.5761545896530151,
                        -0.36695992946624756,
                        0.7303324937820435,
                        460.5677185058594
                    ],
                    "scale": [
                        1,
                        1,
                        1
                    ],
                    "rotation": 0,
                    "weight": [
                        0,
                        0,
                        0,
                        0
                    ],
                    "weightHard": false,
                    "weightScale": [
                        1,
                        1,
                        1
                    ],
                    "mirrored": true,
                    "twinId": 5,
                    "pathable": false,
                    "flooded": false,
                    "mergeable": false,
                    "no_features": false
                },
                {
                    "proj": "BP_Bend",
                    "spec": "/pa/terrain/ice/brushes/ice_cliff_11.json",
                    "height": 631.932373046875,
                    "op": "BO_Add",
                    "position": [
                        412.268310546875,
                        -251.31344604492188,
                        -407.6947021484375
                    ],
                    "transform": [
                        -0.1994457244873047,
                        0.731166660785675,
                        0.6523928642272949,
                        412.2681579589844,
                        0.731166660785675,
                        0.554290235042572,
                        -0.3976902663707733,
                        -251.3133544921875,
                        -0.6523928642272949,
                        0.3976902663707733,
                        -0.6451554298400879,
                        -407.6946105957031
                    ],
                    "scale": [
                        1,
                        1,
                        1
                    ],
                    "rotation": 0,
                    "weight": [
                        0,
                        0,
                        0,
                        0
                    ],
                    "weightHard": false,
                    "weightScale": [
                        1,
                        1,
                        1
                    ],
                    "mirrored": false,
                    "twinId": 6,
                    "pathable": false,
                    "flooded": false,
                    "mergeable": false,
                    "no_features": false
                },
                {
                    "proj": "BP_Bend",
                    "spec": "/pa/terrain/ice/brushes/ice_cliff_11.json",
                    "height": 631.932373046875,
                    "op": "BO_Add",
                    "position": [
                        412.268310546875,
                        -251.31344604492188,
                        -407.6947021484375
                    ],
                    "transform": [
                        -0.1994457244873047,
                        0.731166660785675,
                        0.6523928642272949,
                        412.2681579589844,
                        0.731166660785675,
                        0.554290235042572,
                        -0.3976902663707733,
                        -251.3133544921875,
                        0.6523928642272949,
                        -0.3976902663707733,
                        0.6451554298400879,
                        407.6946105957031
                    ],
                    "scale": [
                        1,
                        1,
                        1
                    ],
                    "rotation": 0,
                    "weight": [
                        0,
                        0,
                        0,
                        0
                    ],
                    "weightHard": false,
                    "weightScale": [
                        1,
                        1,
                        1
                    ],
                    "mirrored": true,
                    "twinId": 6,
                    "pathable": false,
                    "flooded": false,
                    "mergeable": false,
                    "no_features": false
                },
                {
                    "proj": "BP_Bend",
                    "spec": "/pa/terrain/ice/brushes/ice_cliff_11.json",
                    "height": 630.9122924804688,
                    "op": "BO_Add",
                    "position": [
                        398.1199951171875,
                        -182.69949340820312,
                        -454.06134033203125
                    ],
                    "transform": [
                        -0.42053377628326416,
                        0.6518908739089966,
                        0.631022572517395,
                        398.1199035644531,
                        0.6518908739089966,
                        0.7008436322212219,
                        -0.2895797789096832,
                        -182.69944763183594,
                        -0.631022572517395,
                        0.2895797789096832,
                        -0.7196900844573975,
                        -454.0613098144531
                    ],
                    "scale": [
                        1,
                        1,
                        1
                    ],
                    "rotation": 0,
                    "weight": [
                        0,
                        0,
                        0,
                        0
                    ],
                    "weightHard": false,
                    "weightScale": [
                        1,
                        1,
                        1
                    ],
                    "mirrored": false,
                    "twinId": 7,
                    "pathable": false,
                    "flooded": false,
                    "mergeable": false,
                    "no_features": false
                },
                {
                    "proj": "BP_Bend",
                    "spec": "/pa/terrain/ice/brushes/ice_cliff_11.json",
                    "height": 630.9122924804688,
                    "op": "BO_Add",
                    "position": [
                        398.1199951171875,
                        -182.69949340820312,
                        -454.06134033203125
                    ],
                    "transform": [
                        -0.42053377628326416,
                        0.6518908739089966,
                        0.631022572517395,
                        398.1199035644531,
                        0.6518908739089966,
                        0.7008436322212219,
                        -0.2895797789096832,
                        -182.69944763183594,
                        0.631022572517395,
                        -0.2895797789096832,
                        0.7196900844573975,
                        454.0613098144531
                    ],
                    "scale": [
                        1,
                        1,
                        1
                    ],
                    "rotation": 0,
                    "weight": [
                        0,
                        0,
                        0,
                        0
                    ],
                    "weightHard": false,
                    "weightScale": [
                        1,
                        1,
                        1
                    ],
                    "mirrored": true,
                    "twinId": 7,
                    "pathable": false,
                    "flooded": false,
                    "mergeable": false,
                    "no_features": false
                },
                {
                    "proj": "BP_Bend",
                    "spec": "/pa/terrain/ice/brushes/ice_cliff_11.json",
                    "height": 633.4567260742188,
                    "op": "BO_Add",
                    "position": [
                        444.422607421875,
                        -197.0345458984375,
                        -406.119873046875
                    ],
                    "transform": [
                        -0.37153053283691406,
                        0.6080673336982727,
                        0.7015830874443054,
                        444.4225158691406,
                        0.6080673336982727,
                        0.7304136753082275,
                        -0.3110465109348297,
                        -197.0345001220703,
                        -0.7015830874443054,
                        0.3110465109348297,
                        -0.6411168575286865,
                        -406.1197814941406
                    ],
                    "scale": [
                        1,
                        1,
                        1
                    ],
                    "rotation": 0,
                    "weight": [
                        0,
                        0,
                        0,
                        0
                    ],
                    "weightHard": false,
                    "weightScale": [
                        1,
                        1,
                        1
                    ],
                    "mirrored": false,
                    "twinId": 8,
                    "pathable": false,
                    "flooded": false,
                    "mergeable": false,
                    "no_features": false
                },
                {
                    "proj": "BP_Bend",
                    "spec": "/pa/terrain/ice/brushes/ice_cliff_11.json",
                    "height": 633.4567260742188,
                    "op": "BO_Add",
                    "position": [
                        444.422607421875,
                        -197.0345458984375,
                        -406.119873046875
                    ],
                    "transform": [
                        -0.37153053283691406,
                        0.6080673336982727,
                        0.7015830874443054,
                        444.4225158691406,
                        0.6080673336982727,
                        0.7304136753082275,
                        -0.3110465109348297,
                        -197.0345001220703,
                        0.7015830874443054,
                        -0.3110465109348297,
                        0.6411168575286865,
                        406.1197814941406
                    ],
                    "scale": [
                        1,
                        1,
                        1
                    ],
                    "rotation": 0,
                    "weight": [
                        0,
                        0,
                        0,
                        0
                    ],
                    "weightHard": false,
                    "weightScale": [
                        1,
                        1,
                        1
                    ],
                    "mirrored": true,
                    "twinId": 8,
                    "pathable": false,
                    "flooded": false,
                    "mergeable": false,
                    "no_features": false
                },
                {
                    "proj": "BP_Bend",
                    "spec": "/pa/terrain/ice/brushes/ice_cliff_11.json",
                    "height": 636.4387817382812,
                    "op": "BO_Add",
                    "position": [
                        437.95916748046875,
                        -114.5052490234375,
                        -447.36407470703125
                    ],
                    "transform": [
                        -0.5939592123031616,
                        0.416743665933609,
                        0.688140332698822,
                        437.9591979980469,
                        0.416743665933609,
                        0.8910415768623352,
                        -0.17991560697555542,
                        -114.5052719116211,
                        -0.688140332698822,
                        0.17991560697555542,
                        -0.7029175758361816,
                        -447.364013671875
                    ],
                    "scale": [
                        1,
                        1,
                        1
                    ],
                    "rotation": 0,
                    "weight": [
                        0,
                        0,
                        0,
                        0
                    ],
                    "weightHard": false,
                    "weightScale": [
                        1,
                        1,
                        1
                    ],
                    "mirrored": false,
                    "twinId": 9,
                    "pathable": false,
                    "flooded": false,
                    "mergeable": false,
                    "no_features": false
                },
                {
                    "proj": "BP_Bend",
                    "spec": "/pa/terrain/ice/brushes/ice_cliff_11.json",
                    "height": 636.4387817382812,
                    "op": "BO_Add",
                    "position": [
                        437.95916748046875,
                        -114.5052490234375,
                        -447.36407470703125
                    ],
                    "transform": [
                        -0.5939592123031616,
                        0.416743665933609,
                        0.688140332698822,
                        437.9591979980469,
                        0.416743665933609,
                        0.8910415768623352,
                        -0.17991560697555542,
                        -114.5052719116211,
                        0.688140332698822,
                        -0.17991560697555542,
                        0.7029175758361816,
                        447.364013671875
                    ],
                    "scale": [
                        1,
                        1,
                        1
                    ],
                    "rotation": 0,
                    "weight": [
                        0,
                        0,
                        0,
                        0
                    ],
                    "weightHard": false,
                    "weightScale": [
                        1,
                        1,
                        1
                    ],
                    "mirrored": true,
                    "twinId": 9,
                    "pathable": false,
                    "flooded": false,
                    "mergeable": false,
                    "no_features": false
                },
                {
                    "proj": "BP_Bend",
                    "spec": "/pa/terrain/ice/brushes/ice_cliff_11.json",
                    "height": 638.1470947265625,
                    "op": "BO_Add",
                    "position": [
                        476.07403564453125,
                        -140.18365478515625,
                        -401.16546630859375
                    ],
                    "transform": [
                        -0.49869632720947266,
                        0.4413025975227356,
                        0.7460256814956665,
                        476.0741271972656,
                        0.4413025975227356,
                        0.870055079460144,
                        -0.21967297792434692,
                        -140.1836700439453,
                        -0.7460256814956665,
                        0.21967297792434692,
                        -0.6286412477493286,
                        -401.16558837890625
                    ],
                    "scale": [
                        1,
                        1,
                        1
                    ],
                    "rotation": 0,
                    "weight": [
                        0,
                        0,
                        0,
                        0
                    ],
                    "weightHard": false,
                    "weightScale": [
                        1,
                        1,
                        1
                    ],
                    "mirrored": false,
                    "twinId": 10,
                    "pathable": false,
                    "flooded": false,
                    "mergeable": false,
                    "no_features": false
                },
                {
                    "proj": "BP_Bend",
                    "spec": "/pa/terrain/ice/brushes/ice_cliff_11.json",
                    "height": 638.1470947265625,
                    "op": "BO_Add",
                    "position": [
                        476.07403564453125,
                        -140.18365478515625,
                        -401.16546630859375
                    ],
                    "transform": [
                        -0.49869632720947266,
                        0.4413025975227356,
                        0.7460256814956665,
                        476.0740966796875,
                        0.4413025975227356,
                        0.870055079460144,
                        -0.21967297792434692,
                        -140.1836700439453,
                        0.7460256814956665,
                        -0.21967297792434692,
                        0.6286412477493286,
                        401.16558837890625
                    ],
                    "scale": [
                        1,
                        1,
                        1
                    ],
                    "rotation": 0,
                    "weight": [
                        0,
                        0,
                        0,
                        0
                    ],
                    "weightHard": false,
                    "weightScale": [
                        1,
                        1,
                        1
                    ],
                    "mirrored": true,
                    "twinId": 10,
                    "pathable": false,
                    "flooded": false,
                    "mergeable": false,
                    "no_features": false
                },
                {
                    "proj": "BP_Bend",
                    "spec": "/pa/terrain/ice/brushes/ice_cliff_11.json",
                    "height": 636.3489379882812,
                    "op": "BO_Add",
                    "position": [
                        488.857177734375,
                        -315.05938720703125,
                        -258.25616455078125
                    ],
                    "transform": [
                        0.0067231059074401855,
                        0.6401485204696655,
                        0.7682219743728638,
                        488.85723876953125,
                        0.6401485204696655,
                        0.5874361991882324,
                        -0.4951047897338867,
                        -315.0594177246094,
                        -0.7682219743728638,
                        0.4951047897338867,
                        -0.40584075450897217,
                        -258.25634765625
                    ],
                    "scale": [
                        1,
                        1,
                        1
                    ],
                    "rotation": 0,
                    "weight": [
                        0,
                        0,
                        0,
                        0
                    ],
                    "weightHard": false,
                    "weightScale": [
                        1,
                        1,
                        1
                    ],
                    "mirrored": false,
                    "twinId": 11,
                    "pathable": false,
                    "flooded": false,
                    "mergeable": false,
                    "no_features": false
                },
                {
                    "proj": "BP_Bend",
                    "spec": "/pa/terrain/ice/brushes/ice_cliff_11.json",
                    "height": 636.3489379882812,
                    "op": "BO_Add",
                    "position": [
                        488.857177734375,
                        -315.05938720703125,
                        -258.25616455078125
                    ],
                    "transform": [
                        0.0067231059074401855,
                        0.6401485204696655,
                        0.7682219743728638,
                        488.8572692871094,
                        0.6401485204696655,
                        0.5874361991882324,
                        -0.4951047897338867,
                        -315.0594177246094,
                        0.7682219743728638,
                        -0.4951047897338867,
                        0.40584075450897217,
                        258.25634765625
                    ],
                    "scale": [
                        1,
                        1,
                        1
                    ],
                    "rotation": 0,
                    "weight": [
                        0,
                        0,
                        0,
                        0
                    ],
                    "weightHard": false,
                    "weightScale": [
                        1,
                        1,
                        1
                    ],
                    "mirrored": true,
                    "twinId": 11,
                    "pathable": false,
                    "flooded": false,
                    "mergeable": false,
                    "no_features": false
                },
                {
                    "proj": "BP_Bend",
                    "spec": "/pa/terrain/ice/brushes/ice_cliff_11.json",
                    "height": 635.74755859375,
                    "op": "BO_Add",
                    "position": [
                        529.04638671875,
                        -266.1587219238281,
                        -231.180419921875
                    ],
                    "transform": [
                        -0.08820867538452148,
                        0.5474684834480286,
                        0.8321642279624939,
                        529.04638671875,
                        0.5474684834480286,
                        0.7245732545852661,
                        -0.4186547100543976,
                        -266.1587219238281,
                        -0.8321642279624939,
                        0.4186547100543976,
                        -0.36363542079925537,
                        -231.18032836914062
                    ],
                    "scale": [
                        1,
                        1,
                        1
                    ],
                    "rotation": 0,
                    "weight": [
                        0,
                        0,
                        0,
                        0
                    ],
                    "weightHard": false,
                    "weightScale": [
                        1,
                        1,
                        1
                    ],
                    "mirrored": false,
                    "twinId": 12,
                    "pathable": false,
                    "flooded": false,
                    "mergeable": false,
                    "no_features": false
                },
                {
                    "proj": "BP_Bend",
                    "spec": "/pa/terrain/ice/brushes/ice_cliff_11.json",
                    "height": 635.74755859375,
                    "op": "BO_Add",
                    "position": [
                        529.04638671875,
                        -266.1587219238281,
                        -231.180419921875
                    ],
                    "transform": [
                        -0.08820867538452148,
                        0.5474684834480286,
                        0.8321642279624939,
                        529.04638671875,
                        0.5474684834480286,
                        0.7245732545852661,
                        -0.4186547100543976,
                        -266.1587219238281,
                        0.8321642279624939,
                        -0.4186547100543976,
                        0.36363542079925537,
                        231.18032836914062
                    ],
                    "scale": [
                        1,
                        1,
                        1
                    ],
                    "rotation": 0,
                    "weight": [
                        0,
                        0,
                        0,
                        0
                    ],
                    "weightHard": false,
                    "weightScale": [
                        1,
                        1,
                        1
                    ],
                    "mirrored": true,
                    "twinId": 12,
                    "pathable": false,
                    "flooded": false,
                    "mergeable": false,
                    "no_features": false
                },
